4
47 82 -2 28 
9 0 0 20 90 
23 14 19 4 98 
20 3 0 16 92 
4 12 7 20 95 
23 22 17 0 75 
18 15 0 3 85 
2 20 11 20 89 
4
84 -29 81 -46 
4 16 0 0 65 
25 14 4 19 97 
15 16 1 9 58 
0 8 15 22 87 
15 25 6 25 88 
1 7 3 25 55 
14 4 23 1 95 
4 0 25 4 66 
7 15 0 16 80 
9
-46 -29 -7 97 13 19 10 -18 -3 
17 11 0 0 3 15 4 8 6 91 
22 11 6 18 9 0 7 15 6 56 
3 23 14 8 19 0 0 3 21 57 
16 14 19 20 5 7 25 2 4 60 
5 10 13 6 23 18 6 0 0 91 
5
57 53 3 31 88 
10 6 24 25 13 59 
0 0 0 15 13 51 
11 23 11 9 24 88 
17 8 18 0 7 67 
24 16 23 0 3 79 
0 18 0 5 0 63 
13 10 24 5 22 82 
1 19 1 5 2 60 
22 23 5 0 0 68 
6
76 49 -44 54 24 20 
25 9 15 17 17 0 78 
0 11 0 19 25 0 86 
10 2 2 21 11 16 99 
0 2 17 0 0 0 77 
17 0 5 5 21 5 95 
8
7 33 76 55 28 60 28 73 
5 25 0 0 10 21 18 2 60 
7 16 7 11 20 4 25 19 71 
5 0 0 0 0 0 11 0 55 
0 13 20 1 19 0 0 14 81 
0 2 20 20 1 11 0 0 61 
14 6 18 11 0 10 9 0 87 
19 24 23 0 6 7 9 0 77 
4
69 18 81 81 
13 0 19 19 96 
17 0 0 20 83 
8 7 22 0 92 
1 22 23 5 52 
0 0 12 24 94 
9 15 2 17 79 
5 3 11 11 61 
25 0 2 23 50 
2 2 2 23 92 
7
12 96 19 80 72 14 9 
12 19 2 0 11 1 7 75 
0 5 25 21 19 0 18 88 
14 17 0 16 0 14 13 77 
0 24 0 18 5 25 3 74 
24 8 3 25 19 20 3 68 
1 16 8 13 9 3 0 63 
3
-47 47 8 
0 24 19 57 
0 0 1 81 
21 0 6 60 
4 13 0 85 
12 21 12 75 
0 0 15 56 
4 19 22 64 
3
-8 61 30 
5 14 16 50 
0 7 4 79 
17 0 10 98 
0 16 18 86 
20 6 19 62 
0 17 3 76 
23 22 4 64 
12 7 20 84 
9
98 -47 -9 -48 39 89 -6 37 -36 
19 22 0 9 9 23 14 0 0 52 
7 9 8 14 9 0 15 16 0 58 
19 13 0 6 0 22 15 14 0 73 
7 17 11 10 25 8 0 6 7 64 
21 6 0 18 0 0 23 14 18 70 
18 5 0 25 8 10 8 17 22 90 
1 9 8 23 12 0 22 5 12 96 
6 18 12 6 23 16 3 13 18 75 
10 5 5 10 9 0 13 25 11 82 
5 16 0 0 0 1 0 0 21 83 
5
24 -28 -48 -30 97 
1 17 25 21 4 55 
9 21 19 7 4 83 
12 22 19 0 20 100 
6 5 7 0 16 79 
18 8 0 0 10 52 
20 5 19 1 15 52 
6 2 21 9 4 54 
9 2 11 19 0 100 
19 13 4 17 0 89 
20 25 9 25 8 82 
6
65 -32 64 83 14 -25 
0 8 18 17 12 15 66 
24 4 2 13 18 0 93 
18 16 13 23 24 0 77 
14 24 22 15 3 5 74 
22 0 0 3 19 0 87 
7
87 37 -7 49 26 3 51 
19 22 17 10 25 0 25 59 
10 16 0 19 9 17 22 60 
0 13 11 0 21 3 23 100 
5 0 21 6 0 16 9 94 
11 23 15 3 9 13 12 79 
23 2 0 8 23 10 24 66 
4
-44 84 4 22 
1 24 23 10 87 
10 17 17 22 87 
11 0 8 17 72 
0 2 24 8 64 
2 15 14 20 75 
3
-35 -14 91 
0 20 1 86 
5 5 4 67 
0 0 7 63 
12 11 25 78 
0 19 12 77 
0 0 5 85 
18 23 0 84 
8
89 26 10 54 68 -4 24 54 
0 22 0 4 12 0 10 17 70 
13 0 5 20 4 11 24 0 98 
3 16 15 0 24 5 19 8 88 
11 13 0 13 3 12 23 18 95 
5 12 15 0 3 5 23 23 82 
6
30 83 96 86 72 13 
0 12 22 13 3 17 77 
5 4 18 25 0 3 81 
3 11 3 6 0 7 78 
7 3 9 0 25 5 73 
23 7 4 0 0 0 64 
10
44 14 -35 19 42 55 91 -21 38 13 
8 23 17 4 16 0 25 0 22 5 100 
0 5 21 6 14 22 17 17 16 0 98 
12 13 0 18 0 6 23 12 0 12 100 
5 17 4 10 21 20 22 11 19 5 86 
9 16 13 1 0 22 0 25 17 18 54 
10 15 10 0 5 14 15 2 23 25 59 
13 0 0 18 6 0 25 7 20 9 100 
0 13 17 9 14 22 20 13 12 23 51 
1 0 13 0 0 1 20 8 0 19 57 
4
40 94 80 -34 
16 10 0 9 50 
22 7 5 3 70 
0 0 1 4 89 
0 0 19 12 54 
13 21 18 0 77 
0 13 22 7 93 
4 0 18 3 75 
8
-8 8 47 29 44 97 28 56 
23 15 23 23 1 19 1 5 60 
9 11 11 0 21 19 0 3 95 
9 0 20 25 4 24 17 5 51 
6 12 0 13 6 21 15 20 74 
7 20 24 0 0 19 0 0 79 
10
-29 38 48 -18 50 45 55 88 41 97 
6 25 24 24 5 0 0 13 15 4 92 
0 23 0 18 21 2 17 13 4 0 55 
0 3 0 7 0 8 0 15 8 7 89 
23 12 24 4 0 22 0 5 8 5 88 
0 1 6 16 23 8 25 2 19 0 82 
7 14 4 1 21 23 25 0 21 4 66 
22 8 12 24 13 7 0 18 0 13 72 
16 0 16 17 15 2 10 4 25 24 69 
8
14 -37 41 78 -9 13 79 79 
14 22 8 19 5 0 0 2 90 
24 7 23 10 0 17 19 19 69 
9 9 0 6 8 24 0 24 98 
0 10 21 12 0 19 2 0 66 
0 5 17 15 5 11 21 0 90 
8
33 40 24 39 -20 64 -28 -40 
1 10 1 24 20 9 1 6 87 
7 4 0 12 10 0 10 22 69 
7 13 11 15 23 6 4 5 83 
15 19 7 15 0 22 2 25 84 
10 8 3 5 21 15 9 20 59 
2 0 1 6 15 2 14 0 56 
0 8 8 0 7 17 11 0 71 
11 4 4 8 0 23 0 17 76 
19 10 22 0 13 0 13 11 55 
6 8 12 0 3 0 17 22 66 
3
-49 -1 -26 
5 5 12 59 
3 20 14 67 
0 17 10 92 
23 2 0 77 
0 6 0 89 
12 25 2 71 
4
91 65 -9 32 
11 8 1 6 97 
3 24 25 14 84 
1 13 0 23 89 
9 0 10 0 93 
12 11 6 8 62 
0 19 0 21 59 
6
-19 61 49 -12 45 -46 
0 14 0 13 7 12 84 
5 6 0 0 24 7 67 
14 9 6 0 15 0 53 
2 0 13 9 0 0 64 
0 17 0 0 6 3 59 
4
-50 33 17 -45 
17 19 21 19 70 
2 0 13 0 50 
0 7 3 0 85 
22 16 10 16 71 
12 7 12 0 71 
23 0 22 24 74 
21 0 9 8 61 
0 1 14 7 81 
13 25 0 25 68 
13 18 22 15 67 
4
-13 -8 -40 83 
14 21 0 17 86 
12 6 0 20 63 
8 22 21 10 89 
14 20 5 8 80 
5 14 1 3 67 
8
-21 -24 -10 13 38 13 11 -46 
24 13 0 0 11 9 2 0 89 
0 12 18 12 2 15 15 4 92 
0 24 22 21 0 24 0 25 52 
23 5 22 24 21 18 25 25 55 
14 4 0 13 12 22 0 1 63 
9 16 1 5 1 3 13 10 58 
14 14 20 9 0 18 16 0 66 
11 11 14 8 14 4 5 9 59 
13 0 19 0 12 22 23 8 51 
10
43 95 9 37 44 25 -33 -40 87 -8 
21 12 0 10 5 0 25 24 10 8 71 
3 1 0 12 9 0 0 21 16 11 92 
0 11 19 16 16 2 7 2 11 20 50 
2 0 17 14 20 0 23 5 16 2 77 
0 10 6 15 2 25 4 8 13 0 79 
23 4 10 22 20 19 3 12 24 4 62 
14 23 8 15 18 8 8 2 9 17 53 
20 9 12 21 14 4 13 0 0 23 79 
19 25 4 0 6 11 0 0 13 22 88 
0 0 14 0 12 12 19 0 13 0 61 
3
-3 53 6 
10 8 3 95 
0 20 17 96 
0 20 21 70 
6
-22 2 73 93 57 72 
25 0 6 0 5 9 85 
19 0 23 10 10 0 64 
11 3 0 16 23 10 57 
24 3 16 15 6 11 51 
4 7 14 10 24 10 79 
11 2 0 16 11 11 88 
22 0 0 3 5 0 67 
6
71 66 98 50 64 -8 
4 25 5 15 0 5 100 
11 10 2 23 1 19 76 
12 4 6 3 25 22 90 
14 22 7 22 1 0 97 
6 22 2 2 13 17 85 
18 10 0 14 0 1 63 
10
-36 34 55 59 41 80 68 41 86 69 
10 22 5 4 6 17 2 0 2 0 98 
23 15 10 24 3 15 17 22 22 24 85 
0 14 25 13 12 10 7 1 6 0 56 
19 9 0 1 3 22 17 13 3 0 100 
0 15 0 12 20 24 23 0 4 0 92 
0 5 24 12 2 21 7 0 18 18 69 
7
6 90 -20 3 70 47 60 
6 0 19 25 5 22 3 81 
18 0 8 5 17 11 10 65 
1 23 9 0 8 3 0 74 
0 0 5 7 9 4 0 90 
23 17 0 15 11 0 21 98 
0 12 24 0 12 15 3 78 
19 10 9 16 14 13 0 64 
1 11 19 16 6 20 25 93 
0 13 0 0 10 19 24 83 
18 13 3 25 14 0 22 71 
8
-40 99 -50 -41 -18 6 6 78 
18 0 15 1 20 22 1 0 58 
0 0 8 1 2 1 1 2 68 
4 17 21 21 2 4 16 9 72 
0 0 24 5 7 2 0 7 65 
12 2 10 25 0 0 4 12 85 
0 18 8 25 17 5 0 9 70 
1 20 23 7 22 25 5 3 64 
0 5 0 0 25 17 11 0 96 
5
97 -19 -45 87 89 
11 5 6 13 3 73 
21 3 18 18 2 87 
18 0 25 0 25 92 
9
80 88 66 98 95 73 28 68 20 
1 12 24 6 0 25 7 13 15 82 
22 13 21 24 4 11 19 0 2 79 
17 0 9 7 20 21 25 14 14 88 
0 3 0 0 12 0 25 0 18 79 
23 13 0 16 11 9 24 0 2 98 
9 15 6 7 16 14 0 13 6 86 
11 21 23 23 7 14 14 21 23 56 
5
65 -10 56 47 65 
23 0 12 14 25 66 
14 22 0 6 0 58 
2 9 21 0 0 60 
7
100 -23 91 65 12 10 1 
0 4 14 17 17 15 19 98 
18 3 0 14 15 22 20 75 
21 6 1 0 2 6 24 56 
0 12 12 0 1 17 4 55 
12 0 19 19 0 12 0 89 
3 13 16 22 7 3 14 62 
8 25 18 9 7 25 4 61 
14 1 17 14 25 8 17 51 
0 0 0 0 23 21 0 99 
19 21 2 8 9 4 0 91 
8
13 -30 51 21 13 22 87 25 
22 4 3 2 4 11 19 20 93 
2 5 16 0 13 24 9 25 92 
12 6 21 3 6 8 22 18 65 
23 14 9 9 1 22 2 3 83 
25 0 24 10 4 19 13 6 81 
10 12 25 23 0 7 6 2 54 
4 19 25 9 14 22 14 5 63 
7 3 0 16 9 9 1 13 87 
7 6 12 14 21 14 1 25 93 
9
49 95 29 18 69 -18 70 11 21 
14 3 8 14 13 8 12 0 10 89 
17 0 21 3 2 25 24 0 25 100 
1 4 8 17 7 9 0 17 3 68 
0 0 11 7 18 14 23 20 21 94 
25 23 16 18 8 18 22 10 19 50 
15 2 17 19 0 0 7 0 0 99 
3 10 21 23 15 10 17 21 5 59 
5 12 0 22 20 25 16 18 1 64 
1 0 21 1 20 16 0 13 0 89 
3
5 92 67 
21 20 25 51 
9 3 15 73 
13 0 0 100 
24 0 7 84 
0 14 15 52 
0 13 12 91 
25 18 24 89 
10
71 64 79 68 68 6 -48 93 -13 74 
11 17 14 7 7 14 7 25 11 13 53 
3 18 0 4 23 25 0 13 0 14 99 
13 0 14 16 21 0 16 5 18 16 61 
20 22 0 21 21 9 20 17 0 19 55 
13 0 6 11 25 13 3 11 3 9 86 
12 6 17 14 25 22 12 8 0 6 73 
7
-9 -35 88 20 -39 -31 66 
10 8 8 13 14 18 17 75 
19 18 12 13 16 0 18 92 
3 11 9 0 4 7 13 93 
0 8 5 0 0 21 20 81 
23 16 21 6 15 14 1 88 
14 0 8 6 0 18 4 86 
20 8 13 19 16 25 24 54 
3 11 0 6 19 6 14 97 
3
23 30 -15 
9 13 15 69 
22 25 14 100 
19 9 18 93 
0 5 15 96 
4 0 0 93 
0 25 9 76 
0 0 10 56 
23 17 0 62 
8 10 0 52 
6
32 70 -7 42 76 6 
16 19 8 18 18 25 69 
2 0 19 12 0 4 70 
0 0 25 20 25 23 71 
0 0 11 4 0 12 54 
14 9 16 12 0 10 56 
9 22 11 19 0 10 98 
4
-13 74 55 21 
24 6 1 13 67 
0 21 10 4 65 
14 17 0 14 66 
0 9 7 13 82 
12 19 5 2 78 
8
14 93 -7 93 0 100 52 -3 
15 8 16 15 6 0 0 14 74 
21 2 1 0 0 5 7 2 59 
4 5 14 10 0 21 18 15 57 
5 13 7 0 25 6 3 5 83 
6 0 0 0 20 1 22 19 64 
25 9 24 10 11 0 4 1 86 
8
-49 10 17 -43 49 41 11 46 
17 0 3 14 14 11 16 7 85 
23 0 0 2 17 24 0 23 83 
14 3 21 5 19 23 0 10 69 
13 2 6 7 1 15 6 5 56 
0 13 11 23 1 16 20 11 55 
18 17 13 0 24 13 20 0 86 
12 4 19 0 18 12 0 0 67 
7
-22 41 -4 -44 41 -11 65 
9 0 0 12 1 8 0 82 
0 17 25 11 21 7 19 96 
6 20 9 0 5 4 8 76 
0 7 7 0 22 17 23 58 
13 17 12 16 0 14 24 70 
11 15 14 0 10 21 7 93 
3 0 0 0 18 9 17 93 
18 17 25 10 3 4 0 84 
8 23 0 0 0 13 4 53 
8
-41 76 -2 -43 -30 36 60 73 
0 16 0 12 3 18 22 0 62 
22 8 22 0 0 8 20 22 51 
6 0 21 1 5 0 25 14 55 
0 0 3 23 0 0 0 0 65 
0 12 10 9 6 24 21 12 50 
5 0 21 4 1 22 14 23 56 
9 11 12 21 5 2 0 3 84 
0 22 3 0 0 5 8 9 100 
8
37 -17 -12 23 26 71 86 -31 
25 24 16 24 5 3 10 14 90 
21 0 1 17 3 24 24 0 60 
10 19 6 16 21 12 11 22 98 
8 0 6 24 4 14 0 15 65 
11 21 16 6 4 11 0 0 100 
23 0 23 0 5 13 0 14 75 
14 16 19 8 17 0 20 19 86 
5 20 19 17 6 1 2 14 72 
1 6 0 8 14 16 20 22 99 
18 9 23 13 6 21 1 18 51 
7
54 51 20 56 27 -15 69 
9 1 0 22 14 8 13 59 
5 22 19 10 0 0 4 64 
23 5 8 17 19 0 24 58 
13 12 0 15 13 2 8 65 
10 21 18 15 3 10 24 74 
0 8 10 0 7 24 18 55 
0 7 9 11 0 18 8 52 
24 0 0 12 24 1 4 76 
20 11 14 0 6 10 22 74 
8
50 10 75 -31 -40 10 45 92 
18 7 3 0 14 0 13 14 74 
21 21 0 9 0 1 22 0 56 
17 1 11 5 12 0 13 14 50 
9 7 0 15 18 11 19 15 67 
5 9 9 7 22 23 8 23 79 
6 3 20 23 16 18 1 0 82 
0 5 2 17 9 20 0 3 57 
25 8 11 6 13 0 1 15 92 
2 16 1 14 12 12 12 13 96 
12 7 16 5 0 10 24 18 64 
4
-33 51 25 50 
2 15 6 11 51 
2 0 0 2 88 
23 9 6 13 63 
14 17 7 18 58 
25 22 25 9 58 
20 23 0 17 93 
3
37 -16 71 
2 24 23 61 
17 8 16 76 
23 21 2 78 
25 4 24 87 
21 0 0 99 
0 20 21 98 
3 5 0 78 
25 18 24 96 
5
32 -2 -8 38 34 
3 15 4 18 6 98 
11 11 15 0 6 64 
0 20 0 13 14 65 
8 15 22 20 5 95 
0 0 16 9 20 79 
3
67 74 85 
3 23 21 84 
0 24 24 55 
0 23 19 91 
10 24 6 89 
10 0 3 54 
7 1 9 56 
0 4 5 83 
3 4 10 82 
21 10 23 70 
24 25 6 70 
6
4 79 40 91 76 30 
6 15 20 20 13 13 72 
0 24 3 12 9 1 78 
23 14 14 15 8 6 62 
0 4 12 1 25 16 79 
17 1 8 1 18 8 51 
23 4 8 0 7 18 100 
9
30 99 49 40 -14 52 85 78 82 
3 15 3 23 12 11 12 17 9 85 
14 4 13 19 0 22 0 2 2 82 
16 0 0 10 16 17 18 17 24 93 
0 15 21 0 0 18 8 2 0 69 
12 0 10 11 15 3 17 19 3 77 
7 17 1 22 3 1 24 18 0 93 
0 12 14 4 5 23 9 19 23 59 
4
-15 30 29 69 
21 15 1 0 100 
20 24 14 23 78 
15 20 2 9 73 
0 19 0 0 74 
9 0 5 8 100 
7 5 8 4 52 
22 13 1 11 56 
0 13 17 0 94 
10 25 2 4 75 
10
59 -38 43 17 98 -7 -38 64 91 -5 
0 0 23 15 11 20 8 0 11 23 70 
0 18 17 12 15 21 20 12 5 23 55 
0 18 0 1 6 0 20 17 4 24 79 
3 10 0 20 0 21 17 19 9 18 64 
10 16 20 13 23 23 17 22 0 0 52 
5 0 16 19 22 19 23 17 8 0 61 
25 14 20 12 13 19 24 5 10 0 69 
14 11 0 10 17 1 0 24 12 15 51 
9
-8 70 88 -22 -5 12 4 -11 -4 
23 6 3 13 2 25 25 18 12 54 
8 19 14 6 0 13 0 22 23 58 
17 5 0 1 6 8 17 23 0 87 
25 6 20 0 0 25 7 10 20 97 
10 0 18 0 15 20 25 1 1 76 
0 21 4 10 8 0 0 17 15 79 
0 21 4 14 3 25 0 1 5 80 
0 5 20 11 9 21 1 10 16 74 
6
72 2 -25 11 -21 23 
10 9 5 5 0 25 95 
7 0 8 8 6 17 69 
6 15 9 19 17 1 92 
7 0 17 18 18 3 51 
10 16 20 5 21 12 100 
4
100 73 2 34 
7 1 9 20 94 
13 6 0 9 60 
7 17 8 6 66 
25 6 0 11 94 
11 6 6 20 80 
4 16 0 9 86 
24 19 0 0 80 
14 16 22 13 72 
8 24 0 0 74 
7 16 0 11 71 
3
49 94 47 
5 0 1 98 
7 8 0 71 
0 4 0 100 
2 6 20 77 
7 12 13 69 
5 11 6 74 
18 11 0 98 
0 6 0 50 
19 0 0 56 
10
26 22 -24 51 -3 92 0 -40 -38 76 
0 12 9 9 19 10 0 8 22 8 71 
1 0 0 0 5 7 18 13 21 17 79 
6 0 18 0 15 7 0 0 4 4 99 
20 18 11 23 0 18 11 7 20 8 91 
16 21 14 8 6 21 25 0 0 15 79 
22 11 19 8 2 6 18 0 14 3 100 
15 2 17 15 5 19 0 4 2 16 68 
15 10 14 4 6 0 24 0 15 0 74 
7
81 100 24 54 87 41 -49 
9 2 0 2 6 0 7 100 
18 25 10 4 0 0 0 71 
12 13 6 22 12 7 13 57 
10 12 9 2 20 6 2 95 
21 14 25 20 21 0 6 55 
0 5 23 22 14 6 10 99 
15 21 20 2 19 0 0 81 
15 25 0 23 6 4 13 60 
9
37 1 89 -19 -10 58 -47 -29 -45 
21 12 18 1 2 2 3 3 15 84 
20 11 7 19 7 9 11 21 1 53 
17 18 24 10 10 14 0 10 14 96 
16 14 0 23 22 25 16 9 6 98 
20 11 24 23 24 6 22 15 0 71 
4 12 8 21 12 0 0 1 11 67 
0 18 6 11 22 8 8 4 0 70 
9 6 0 17 1 6 0 9 12 71 
2 8 8 23 20 25 0 9 13 74 
7 0 0 5 3 21 8 4 13 84 
3
-40 77 -19 
18 16 18 90 
22 23 17 73 
0 12 19 72 
0 6 8 65 
12 2 17 88 
12 19 11 51 
11 23 13 55 
7 16 23 95 
0 21 7 97 
6 0 16 84 
7
27 63 75 92 13 10 92 
0 8 0 23 0 24 20 50 
9 14 12 17 3 22 17 74 
0 9 8 7 12 0 1 51 
5 21 12 0 7 16 0 90 
17 17 19 0 12 4 12 92 
22 21 10 0 14 1 2 90 
10 11 22 3 1 3 20 64 
16 25 11 13 9 17 6 71 
7
34 32 37 -2 88 71 87 
10 17 0 16 0 23 7 51 
0 24 15 0 0 19 7 78 
23 19 9 0 0 2 0 93 
0 23 24 21 9 11 6 62 
19 3 18 23 10 8 16 54 
21 8 10 18 8 20 21 80 
4
11 -50 91 50 
16 13 22 0 99 
13 12 7 0 82 
10 1 9 24 87 
1 5 16 22 64 
20 15 2 11 68 
16 21 15 5 100 
12 0 3 22 67 
0 3 0 10 89 
5 12 25 12 88 
19 0 12 0 69 
10
53 -10 34 30 85 -34 -22 46 16 57 
10 22 24 2 22 17 12 16 4 19 87 
3 5 0 5 21 18 9 6 20 15 51 
11 17 24 20 0 18 15 10 6 24 58 
20 3 18 4 5 10 10 0 23 21 90 
23 12 0 4 15 4 0 0 15 6 84 
10 1 24 21 8 11 7 0 0 9 61 
22 2 12 0 0 0 9 0 12 19 87 
19 24 0 9 17 0 12 13 22 0 62 
15 10 16 0 0 0 20 21 4 19 76 
5
-18 94 3 89 62 
22 1 19 5 17 67 
2 12 14 7 12 59 
0 2 8 23 0 98 
9 23 0 8 16 74 
0 13 13 25 9 57 
1 14 25 5 12 86 
21 0 0 0 15 60 
5
61 97 -14 -17 -9 
9 0 2 23 2 84 
19 20 13 20 18 90 
7 14 10 5 8 52 
0 14 7 8 0 93 
0 6 19 3 0 75 
15 5 16 13 16 53 
0 8 23 0 17 84 
5 0 15 16 10 86 
10 3 14 11 0 66 
8
80 51 26 82 25 33 4 3 
14 0 11 3 15 8 7 11 91 
5 8 0 12 21 21 0 19 82 
0 3 13 19 19 10 0 11 58 
0 6 4 18 15 15 19 0 96 
0 14 0 12 12 24 1 0 73 
2 22 14 5 25 8 3 25 94 
4
38 -20 84 -27 
7 13 24 2 61 
4 3 1 21 70 
7 2 14 14 91 
15 6 0 17 76 
6
86 12 33 -32 51 11 
11 12 23 13 0 20 75 
23 12 5 0 1 3 90 
16 9 16 0 25 14 85 
7 23 16 9 21 20 53 
7 4 12 18 1 19 53 
25 0 19 25 16 2 81 
2 12 0 22 25 0 96 
22 22 1 12 6 9 53 
4
34 18 10 31 
18 19 0 3 83 
21 0 25 19 55 
0 13 4 22 95 
18 20 11 12 67 
24 23 0 0 87 
9
51 61 -20 95 42 -12 79 64 -18 
25 4 4 15 20 4 0 17 0 77 
4 13 0 16 24 12 8 25 0 78 
12 0 1 5 0 20 22 17 15 88 
6 10 0 4 16 22 25 23 7 64 
20 9 11 17 13 0 18 4 1 92 
3
27 -14 76 
0 25 14 71 
4 23 7 99 
19 8 9 67 
5
52 -40 64 43 18 
12 8 11 0 16 87 
2 15 12 13 11 83 
2 9 16 4 0 69 
0 10 5 21 0 56 
0 17 24 2 10 79 
0 0 0 22 3 94 
1 0 0 22 6 100 
4 6 3 7 24 81 
16 18 7 18 0 80 
8
78 58 -2 29 -39 66 -39 75 
15 11 12 19 15 0 1 21 96 
18 0 23 10 7 0 6 13 90 
21 11 0 12 22 0 7 9 66 
19 4 14 14 22 6 17 0 92 
10 23 17 23 8 21 0 14 94 
16 11 21 8 16 6 3 0 87 
0 5 9 16 0 22 15 0 66 
16 14 10 13 18 16 0 16 68 
7 3 19 21 18 0 11 4 68 
8
-30 -37 14 70 33 63 30 16 
11 24 2 3 20 0 22 16 57 
23 9 15 10 22 1 8 24 55 
0 16 9 23 0 4 24 24 99 
0 18 14 8 0 2 17 13 56 
0 24 0 0 9 10 25 5 61 
12 4 0 24 5 0 4 16 97 
9
24 99 58 63 -46 9 77 35 66 
2 18 21 19 19 9 1 11 6 90 
3 16 10 0 23 9 2 20 5 52 
19 14 8 4 6 15 20 18 23 100 
8 13 18 4 21 25 8 20 0 96 
10 0 0 0 11 6 16 15 9 85 
9
-14 61 -42 -41 -44 -30 51 16 67 
3 13 4 1 23 10 19 13 1 87 
0 17 4 1 17 16 14 6 4 56 
14 21 21 14 8 0 19 20 2 96 
0 22 16 21 1 10 4 23 21 79 
24 16 0 3 1 0 2 17 19 70 
0 10 20 24 0 11 0 5 24 90 
5 18 16 18 16 22 16 0 19 66 
9
6 -48 50 69 -46 -43 0 -7 -4 
0 15 0 14 0 23 17 20 10 91 
17 13 0 19 11 10 6 20 24 70 
20 2 11 19 1 23 0 12 0 68 
7 10 0 0 3 8 22 17 0 65 
14 10 7 5 21 8 0 4 15 66 
14 14 23 24 12 23 17 19 12 56 
11 0 15 3 10 9 10 6 0 92 
10 24 22 0 11 0 5 25 11 53 
2 0 23 15 1 9 14 7 0 63 
0 1 3 17 16 3 10 0 4 73 
3
96 33 79 
0 16 20 65 
16 11 3 79 
9 7 8 81 
3
-29 22 54 
24 19 0 69 
8 0 0 89 
0 11 13 61 
0 3 20 70 
0 6 9 74 
3 9 16 50 
17 13 14 65 
7
7 -3 98 89 87 82 96 
19 2 6 5 0 19 16 66 
23 9 10 15 7 1 16 72 
6 12 9 25 0 13 4 57 
22 22 9 24 9 9 8 75 
0 9 17 2 5 23 24 82 
16 8 20 22 21 5 2 55 
17 25 9 22 0 19 23 81 
5
35 98 24 38 -20 
12 2 19 0 22 61 
4 23 0 18 0 87 
17 21 24 8 25 94 
17 12 25 22 10 71 
13 3 21 6 8 90 
10
-43 -8 -31 86 0 55 64 -46 37 75 
21 5 0 0 13 10 22 17 6 6 59 
17 0 21 3 3 23 18 22 4 0 62 
4 4 0 23 24 12 13 18 3 8 97 
18 23 9 16 25 5 0 13 9 8 90 
14 12 23 1 22 18 18 24 8 24 66 
9 24 4 8 20 14 0 20 0 12 75 
23 0 20 0 11 21 21 5 20 25 59 
4 6 22 0 19 14 24 0 0 12 55 
0 0 17 20 3 0 0 21 13 21 98 
6
0 6 98 -29 71 57 
15 17 3 24 11 14 78 
0 19 18 0 0 24 78 
2 23 15 17 5 0 88 
13 0 15 19 22 12 65 
9 3 8 0 19 19 80 
0 25 8 19 24 2 60 
19 21 5 0 9 0 58 
5
-27 31 89 47 44 
8 15 16 4 0 95 
0 12 19 0 1 84 
14 4 9 7 24 74 
3 0 24 0 13 69 
19 19 0 20 16 52 
24 0 23 16 12 62 
10 2 9 15 16 87 
13 0 0 6 2 68 
7
88 53 97 50 -31 47 44 
13 8 23 11 10 1 24 56 
0 24 15 23 1 1 17 85 
0 4 25 19 1 12 9 62 
3 3 19 19 20 0 17 93 
2 3 23 6 14 0 8 56 
15 19 9 0 20 8 24 66 
19 13 0 11 11 14 0 66 
8
-32 57 2 77 -35 90 27 -18 
9 8 12 18 0 9 0 8 88 
2 5 9 0 22 0 24 12 92 
23 0 7 12 1 16 23 2 83 
8 5 14 0 20 17 16 0 63 
13 19 15 21 0 9 15 15 85 
16 24 18 0 21 7 16 13 84 
21 18 16 23 15 0 9 4 57 
6 8 8 14 0 0 19 0 66 
5
61 -6 -34 6 81 
0 7 1 6 11 80 
14 2 12 10 0 58 
1 3 25 5 22 95 
1 12 13 13 0 93 
19 11 2 8 22 66 
