3
-20 -25 85 
1 10 4 68 
6 24 4 63 
7
30 77 -43 15 -16 20 77 
0 14 12 23 7 23 7 74 
17 21 0 12 10 5 18 84 
16 0 5 20 11 1 0 78 
16 22 11 12 11 8 0 91 
20 23 0 13 24 3 7 76 
4 0 18 21 6 21 14 77 
10 6 0 8 11 3 14 74 
7
76 -25 54 79 -4 52 -44 
15 12 0 15 3 10 24 84 
0 0 3 9 10 10 25 86 
0 0 18 0 19 11 0 100 
19 8 18 2 19 8 3 52 
7 21 14 12 23 0 20 88 
4
23 3 92 -22 
0 13 16 23 63 
0 11 0 20 81 
10 0 5 25 80 
4
-28 77 79 -20 
12 11 24 2 100 
0 17 24 18 87 
25 8 6 25 69 
17 1 3 6 67 
25 24 0 13 96 
3 17 0 0 74 
4 5 5 4 64 
0 15 14 0 97 
5
3 68 13 58 -19 
22 6 20 0 1 96 
19 3 9 13 8 99 
0 0 6 0 17 79 
12 6 0 14 7 89 
0 7 7 3 4 52 
14 13 0 0 9 83 
11 13 0 24 15 53 
0 21 12 3 5 93 
21 0 18 3 21 50 
12 12 13 18 20 70 
3
-18 -44 82 
21 3 0 79 
11 6 0 98 
7 10 8 51 
0 6 0 87 
18 0 18 54 
8 19 6 84 
16 1 23 61 
19 20 7 97 
11 8 0 80 
21 13 0 56 
5
-40 45 95 -15 12 
15 2 0 0 1 56 
2 8 25 0 0 91 
20 1 6 22 20 100 
0 0 20 0 12 67 
14 22 15 23 20 79 
2 24 13 20 10 93 
0 24 2 21 0 69 
15 0 13 23 13 60 
0 4 17 16 7 53 
5
4 31 -10 -15 -40 
4 16 0 0 17 95 
19 3 10 5 21 79 
15 0 17 11 25 81 
8 23 0 13 22 64 
15 14 3 0 0 97 
25 0 0 3 0 50 
21 0 24 23 23 70 
18 16 10 15 22 86 
20 18 17 7 3 69 
8
69 100 18 85 28 12 -48 -38 
15 2 8 21 7 0 24 17 69 
13 13 6 11 1 2 0 0 84 
5 6 25 4 21 23 0 19 75 
14 0 17 22 7 0 4 14 74 
16 18 17 0 0 3 10 0 87 
8 13 13 12 2 0 0 16 64 
13 6 0 25 13 16 0 10 72 
4 5 0 0 0 3 0 13 58 
4 13 23 21 0 21 6 13 57 
9
63 -10 80 62 -43 92 38 -20 94 
0 0 18 3 6 0 3 20 11 96 
19 0 2 0 0 0 0 0 23 98 
5 0 25 13 6 8 23 24 0 76 
0 8 15 0 0 0 0 16 4 56 
4 13 22 17 5 14 3 3 6 54 
7
13 -31 9 -49 -28 -36 77 
23 24 15 1 0 1 1 75 
4 5 2 13 11 25 0 56 
12 2 24 0 6 8 18 77 
15 1 0 1 25 0 15 55 
16 17 4 4 4 0 25 60 
10
91 -6 25 -6 51 -30 -22 39 -7 -15 
20 12 0 0 9 0 8 17 0 5 98 
5 8 5 17 0 5 13 6 8 0 72 
21 0 3 0 0 3 16 16 1 22 77 
8 3 22 0 5 1 14 0 19 0 82 
0 15 4 10 21 25 0 24 0 2 94 
18 0 0 4 15 24 0 17 25 14 67 
9
34 41 83 -21 73 30 72 12 -49 
17 24 19 6 17 14 16 10 1 77 
8 0 0 8 23 0 11 17 20 90 
6 0 0 2 24 21 9 0 0 84 
18 5 0 6 4 24 11 21 5 84 
15 0 20 23 6 2 0 11 0 63 
10
-48 58 58 -37 -20 -4 56 3 -4 13 
24 0 10 8 14 19 16 0 5 9 98 
25 24 18 0 22 0 19 8 0 7 54 
14 2 16 0 12 25 25 21 11 4 73 
4 25 6 15 15 0 0 14 2 10 88 
0 22 1 20 14 10 2 23 0 15 65 
19 0 22 17 5 12 22 23 6 22 59 
11 0 23 0 13 5 14 25 0 3 84 
10 24 24 16 0 18 13 13 9 22 64 
