12
-20 -24.0832 -32.9848 -20 -18.4391 -34.176 -24.0832 -18.4391 -16.1245 -32.9848 -34.176 -16.1245
1 1 1 0 0 0 0 0 0 0 0 0 1
-1 -1 -1 0 0 0 0 0 0 0 0 0 -1
0 0 0 1 1 1 0 0 0 0 0 0 1
0 0 0 -1 -1 -1 0 0 0 0 0 0 -1
0 0 0 0 0 0 1 1 1 0 0 0 1
0 0 0 0 0 0 -1 -1 -1 0 0 0 -1
0 0 0 0 0 0 0 0 0 1 1 1 1
0 0 0 0 0 0 0 0 0 -1 -1 -1 -1
0 0 0 1 0 0 1 0 0 1 0 0 1
0 0 0 -1 0 0 -1 0 0 -1 0 0 -1
1 0 0 0 0 0 0 1 0 0 1 0 1
-1 0 0 0 0 0 0 -1 0 0 -1 0 -1
0 1 0 0 1 0 0 0 0 0 0 1 1
0 -1 0 0 -1 0 0 0 0 0 0 -1 -1
0 0 1 0 0 1 0 0 1 0 0 0 1
0 0 -1 0 0 -1 0 0 -1 0 0 0 -1
1 0 0 1 0 0 0 0 0 0 0 0 1
0 1 0 0 0 0 1 0 0 0 0 0 1
0 0 1 0 0 0 0 0 0 1 0 0 1
1 0 0 1 0 0 0 0 0 0 0 0 1
0 0 0 0 1 0 0 1 0 0 0 0 1
0 0 0 0 0 1 0 0 0 0 1 0 1
0 1 0 0 0 0 1 0 0 0 0 0 1
0 0 0 0 1 0 0 1 0 0 0 0 1
0 0 0 0 0 0 0 0 1 0 0 1 1
0 0 1 0 0 0 0 0 0 1 0 0 1
0 0 0 0 0 1 0 0 0 0 1 0 1
0 0 0 0 0 0 0 0 1 0 0 1 1
1 0 0 0 1 0 1 0 0 0 0 0 2
1 0 0 0 0 1 0 0 0 1 0 0 2
0 1 0 1 0 0 0 1 0 0 0 0 2
0 1 0 0 0 0 0 0 1 1 0 0 2
0 0 1 1 0 0 0 0 0 0 1 0 2
0 0 1 0 0 0 1 0 0 0 0 1 2
0 1 0 1 0 0 0 1 0 0 0 0 2
0 0 1 1 0 0 0 0 0 0 1 0 2
1 0 0 0 1 0 1 0 0 0 0 0 2
0 0 0 0 1 0 0 0 1 0 1 0 2
1 0 0 0 0 1 0 0 0 1 0 0 2
0 0 0 0 0 1 0 1 0 0 0 1 2
1 0 0 0 1 0 1 0 0 0 0 0 2
0 0 1 0 0 0 1 0 0 0 0 1 2
0 1 0 1 0 0 0 1 0 0 0 0 2
0 0 0 0 0 1 0 1 0 0 0 1 2
0 1 0 0 0 0 0 0 1 1 0 0 2
0 0 0 0 1 0 0 0 1 0 1 0 2
1 0 0 0 0 1 0 0 0 1 0 0 2
0 1 0 0 0 0 0 0 1 1 0 0 2
0 0 1 1 0 0 0 0 0 0 1 0 2
0 0 0 0 1 0 0 0 1 0 1 0 2
0 0 1 0 0 0 1 0 0 0 0 1 2
0 0 0 0 0 1 0 1 0 0 0 1 2
20
-20 -24.0832 -32.9848 -32.9848 -20 -18.4391 -34.176 -42.5206 -24.0832 -18.4391 -16.1245 -27.7849 -32.9848 -34.176 -16.1245 -16 -32.9848 -42.5206 -27.7849 -16
1 1 1 1 0 0 0 0 0 0 0 0 0 0 0 0 0 0 0 0 1
-1 -1 -1 -1 0 0 0 0 0 0 0 0 0 0 0 0 0 0 0 0 -1
0 0 0 0 1 1 1 1 0 0 0 0 0 0 0 0 0 0 0 0 1
0 0 0 0 -1 -1 -1 -1 0 0 0 0 0 0 0 0 0 0 0 0 -1
0 0 0 0 0 0 0 0 1 1 1 1 0 0 0 0 0 0 0 0 1
0 0 0 0 0 0 0 0 -1 -1 -1 -1 0 0 0 0 0 0 0 0 -1
0 0 0 0 0 0 0 0 0 0 0 0 1 1 1 1 0 0 0 0 1
0 0 0 0 0 0 0 0 0 0 0 0 -1 -1 -1 -1 0 0 0 0 -1
0 0 0 0 0 0 0 0 0 0 0 0 0 0 0 0 1 1 1 1 1
0 0 0 0 0 0 0 0 0 0 0 0 0 0 0 0 -1 -1 -1 -1 -1
0 0 0 0 1 0 0 0 1 0 0 0 1 0 0 0 1 0 0 0 1
0 0 0 0 -1 0 0 0 -1 0 0 0 -1 0 0 0 -1 0 0 0 -1
1 0 0 0 0 0 0 0 0 1 0 0 0 1 0 0 0 1 0 0 1
-1 0 0 0 0 0 0 0 0 -1 0 0 0 -1 0 0 0 -1 0 0 -1
0 1 0 0 0 1 0 0 0 0 0 0 0 0 1 0 0 0 1 0 1
0 -1 0 0 0 -1 0 0 0 0 0 0 0 0 -1 0 0 0 -1 0 -1
0 0 1 0 0 0 1 0 0 0 1 0 0 0 0 0 0 0 0 1 1
0 0 -1 0 0 0 -1 0 0 0 -1 0 0 0 0 0 0 0 0 -1 -1
0 0 0 1 0 0 0 1 0 0 0 1 0 0 0 1 0 0 0 0 1
0 0 0 -1 0 0 0 -1 0 0 0 -1 0 0 0 -1 0 0 0 0 -1
1 0 0 0 1 0 0 0 0 0 0 0 0 0 0 0 0 0 0 0 1
0 1 0 0 0 0 0 0 1 0 0 0 0 0 0 0 0 0 0 0 1
0 0 1 0 0 0 0 0 0 0 0 0 1 0 0 0 0 0 0 0 1
0 0 0 1 0 0 0 0 0 0 0 0 0 0 0 0 1 0 0 0 1
1 0 0 0 1 0 0 0 0 0 0 0 0 0 0 0 0 0 0 0 1
0 0 0 0 0 1 0 0 0 1 0 0 0 0 0 0 0 0 0 0 1
0 0 0 0 0 0 1 0 0 0 0 0 0 1 0 0 0 0 0 0 1
0 0 0 0 0 0 0 1 0 0 0 0 0 0 0 0 0 1 0 0 1
0 1 0 0 0 0 0 0 1 0 0 0 0 0 0 0 0 0 0 0 1
0 0 0 0 0 1 0 0 0 1 0 0 0 0 0 0 0 0 0 0 1
0 0 0 0 0 0 0 0 0 0 1 0 0 0 1 0 0 0 0 0 1
0 0 0 0 0 0 0 0 0 0 0 1 0 0 0 0 0 0 1 0 1
0 0 1 0 0 0 0 0 0 0 0 0 1 0 0 0 0 0 0 0 1
0 0 0 0 0 0 1 0 0 0 0 0 0 1 0 0 0 0 0 0 1
0 0 0 0 0 0 0 0 0 0 1 0 0 0 1 0 0 0 0 0 1
0 0 0 0 0 0 0 0 0 0 0 0 0 0 0 1 0 0 0 1 1
0 0 0 1 0 0 0 0 0 0 0 0 0 0 0 0 1 0 0 0 1
0 0 0 0 0 0 0 1 0 0 0 0 0 0 0 0 0 1 0 0 1
0 0 0 0 0 0 0 0 0 0 0 1 0 0 0 0 0 0 1 0 1
0 0 0 0 0 0 0 0 0 0 0 0 0 0 0 1 0 0 0 1 1
1 0 0 0 0 1 0 0 1 0 0 0 0 0 0 0 0 0 0 0 2
1 0 0 0 0 0 1 0 0 0 0 0 1 0 0 0 0 0 0 0 2
1 0 0 0 0 0 0 1 0 0 0 0 0 0 0 0 1 0 0 0 2
0 1 0 0 1 0 0 0 0 1 0 0 0 0 0 0 0 0 0 0 2
0 1 0 0 0 0 0 0 0 0 1 0 1 0 0 0 0 0 0 0 2
0 1 0 0 0 0 0 0 0 0 0 1 0 0 0 0 1 0 0 0 2
0 0 1 0 1 0 0 0 0 0 0 0 0 1 0 0 0 0 0 0 2
0 0 1 0 0 0 0 0 1 0 0 0 0 0 1 0 0 0 0 0 2
0 0 1 0 0 0 0 0 0 0 0 0 0 0 0 1 1 0 0 0 2
0 0 0 1 1 0 0 0 0 0 0 0 0 0 0 0 0 1 0 0 2
0 0 0 1 0 0 0 0 1 0 0 0 0 0 0 0 0 0 1 0 2
0 0 0 1 0 0 0 0 0 0 0 0 1 0 0 0 0 0 0 1 2
0 1 0 0 1 0 0 0 0 1 0 0 0 0 0 0 0 0 0 0 2
0 0 1 0 1 0 0 0 0 0 0 0 0 1 0 0 0 0 0 0 2
0 0 0 1 1 0 0 0 0 0 0 0 0 0 0 0 0 1 0 0 2
1 0 0 0 0 1 0 0 1 0 0 0 0 0 0 0 0 0 0 0 2
0 0 0 0 0 1 0 0 0 0 1 0 0 1 0 0 0 0 0 0 2
0 0 0 0 0 1 0 0 0 0 0 1 0 0 0 0 0 1 0 0 2
1 0 0 0 0 0 1 0 0 0 0 0 1 0 0 0 0 0 0 0 2
0 0 0 0 0 0 1 0 0 1 0 0 0 0 1 0 0 0 0 0 2
0 0 0 0 0 0 1 0 0 0 0 0 0 0 0 1 0 1 0 0 2
1 0 0 0 0 0 0 1 0 0 0 0 0 0 0 0 1 0 0 0 2
0 0 0 0 0 0 0 1 0 1 0 0 0 0 0 0 0 0 1 0 2
0 0 0 0 0 0 0 1 0 0 0 0 0 1 0 0 0 0 0 1 2
1 0 0 0 0 1 0 0 1 0 0 0 0 0 0 0 0 0 0 0 2
0 0 1 0 0 0 0 0 1 0 0 0 0 0 1 0 0 0 0 0 2
0 0 0 1 0 0 0 0 1 0 0 0 0 0 0 0 0 0 1 0 2
0 1 0 0 1 0 0 0 0 1 0 0 0 0 0 0 0 0 0 0 2
0 0 0 0 0 0 1 0 0 1 0 0 0 0 1 0 0 0 0 0 2
0 0 0 0 0 0 0 1 0 1 0 0 0 0 0 0 0 0 1 0 2
0 1 0 0 0 0 0 0 0 0 1 0 1 0 0 0 0 0 0 0 2
0 0 0 0 0 1 0 0 0 0 1 0 0 1 0 0 0 0 0 0 2
0 0 0 0 0 0 0 0 0 0 1 0 0 0 0 1 0 0 1 0 2
0 1 0 0 0 0 0 0 0 0 0 1 0 0 0 0 1 0 0 0 2
0 0 0 0 0 1 0 0 0 0 0 1 0 0 0 0 0 1 0 0 2
0 0 0 0 0 0 0 0 0 0 0 1 0 0 1 0 0 0 0 1 2
1 0 0 0 0 0 1 0 0 0 0 0 1 0 0 0 0 0 0 0 2
0 1 0 0 0 0 0 0 0 0 1 0 1 0 0 0 0 0 0 0 2
0 0 0 1 0 0 0 0 0 0 0 0 1 0 0 0 0 0 0 1 2
0 0 1 0 1 0 0 0 0 0 0 0 0 1 0 0 0 0 0 0 2
0 0 0 0 0 1 0 0 0 0 1 0 0 1 0 0 0 0 0 0 2
0 0 0 0 0 0 0 1 0 0 0 0 0 1 0 0 0 0 0 1 2
0 0 1 0 0 0 0 0 1 0 0 0 0 0 1 0 0 0 0 0 2
0 0 0 0 0 0 1 0 0 1 0 0 0 0 1 0 0 0 0 0 2
0 0 0 0 0 0 0 0 0 0 0 1 0 0 1 0 0 0 0 1 2
0 0 1 0 0 0 0 0 0 0 0 0 0 0 0 1 1 0 0 0 2
0 0 0 0 0 0 1 0 0 0 0 0 0 0 0 1 0 1 0 0 2
0 0 0 0 0 0 0 0 0 0 1 0 0 0 0 1 0 0 1 0 2
1 0 0 0 0 0 0 1 0 0 0 0 0 0 0 0 1 0 0 0 2
0 1 0 0 0 0 0 0 0 0 0 1 0 0 0 0 1 0 0 0 2
0 0 1 0 0 0 0 0 0 0 0 0 0 0 0 1 1 0 0 0 2
0 0 0 1 1 0 0 0 0 0 0 0 0 0 0 0 0 1 0 0 2
0 0 0 0 0 1 0 0 0 0 0 1 0 0 0 0 0 1 0 0 2
0 0 0 0 0 0 1 0 0 0 0 0 0 0 0 1 0 1 0 0 2
0 0 0 1 0 0 0 0 1 0 0 0 0 0 0 0 0 0 1 0 2
0 0 0 0 0 0 0 1 0 1 0 0 0 0 0 0 0 0 1 0 2
0 0 0 0 0 0 0 0 0 0 1 0 0 0 0 1 0 0 1 0 2
0 0 0 1 0 0 0 0 0 0 0 0 1 0 0 0 0 0 0 1 2
0 0 0 0 0 0 0 1 0 0 0 0 0 1 0 0 0 0 0 1 2
0 0 0 0 0 0 0 0 0 0 0 1 0 0 1 0 0 0 0 1 2
1 0 0 0 0 1 0 0 0 0 1 0 1 0 0 0 0 0 0 0 3
1 0 0 0 0 1 0 0 0 0 0 1 0 0 0 0 1 0 0 0 3
1 0 0 0 0 0 1 0 1 0 0 0 0 0 1 0 0 0 0 0 3
1 0 0 0 0 0 1 0 0 0 0 0 0 0 0 1 1 0 0 0 3
1 0 0 0 0 0 0 1 1 0 0 0 0 0 0 0 0 0 1 0 3
1 0 0 0 0 0 0 1 0 0 0 0 1 0 0 0 0 0 0 1 3
0 1 0 0 0 0 1 0 0 1 0 0 1 0 0 0 0 0 0 0 3
0 1 0 0 0 0 0 1 0 1 0 0 0 0 0 0 1 0 0 0 3
0 1 0 0 1 0 0 0 0 0 1 0 0 1 0 0 0 0 0 0 3
0 1 0 0 0 0 0 0 0 0 1 0 0 0 0 1 1 0 0 0 3
0 1 0 0 1 0 0 0 0 0 0 1 0 0 0 0 0 1 0 0 3
0 1 0 0 0 0 0 0 0 0 0 1 1 0 0 0 0 0 0 1 3
0 0 1 0 0 1 0 0 1 0 0 0 0 1 0 0 0 0 0 0 3
0 0 1 0 0 0 0 1 0 0 0 0 0 1 0 0 1 0 0 0 3
0 0 1 0 1 0 0 0 0 1 0 0 0 0 1 0 0 0 0 0 3
0 0 1 0 0 0 0 0 0 0 0 1 0 0 1 0 1 0 0 0 3
0 0 1 0 1 0 0 0 0 0 0 0 0 0 0 1 0 1 0 0 3
0 0 1 0 0 0 0 0 1 0 0 0 0 0 0 1 0 0 1 0 3
0 0 0 1 0 1 0 0 1 0 0 0 0 0 0 0 0 1 0 0 3
0 0 0 1 0 0 1 0 0 0 0 0 1 0 0 0 0 1 0 0 3
0 0 0 1 1 0 0 0 0 1 0 0 0 0 0 0 0 0 1 0 3
0 0 0 1 0 0 0 0 0 0 1 0 1 0 0 0 0 0 1 0 3
0 0 0 1 1 0 0 0 0 0 0 0 0 1 0 0 0 0 0 1 3
0 0 0 1 0 0 0 0 1 0 0 0 0 0 1 0 0 0 0 1 3
0 1 0 0 1 0 0 0 0 0 1 0 0 1 0 0 0 0 0 0 3
0 1 0 0 1 0 0 0 0 0 0 1 0 0 0 0 0 1 0 0 3
0 0 1 0 1 0 0 0 0 1 0 0 0 0 1 0 0 0 0 0 3
0 0 1 0 1 0 0 0 0 0 0 0 0 0 0 1 0 1 0 0 3
0 0 0 1 1 0 0 0 0 1 0 0 0 0 0 0 0 0 1 0 3
0 0 0 1 1 0 0 0 0 0 0 0 0 1 0 0 0 0 0 1 3
0 0 1 0 0 1 0 0 1 0 0 0 0 1 0 0 0 0 0 0 3
0 0 0 1 0 1 0 0 1 0 0 0 0 0 0 0 0 1 0 0 3
1 0 0 0 0 1 0 0 0 0 1 0 1 0 0 0 0 0 0 0 3
0 0 0 0 0 1 0 0 0 0 1 0 0 0 0 1 0 1 0 0 3
1 0 0 0 0 1 0 0 0 0 0 1 0 0 0 0 1 0 0 0 3
0 0 0 0 0 1 0 0 0 0 0 1 0 1 0 0 0 0 0 1 3
0 1 0 0 0 0 1 0 0 1 0 0 1 0 0 0 0 0 0 0 3
0 0 0 1 0 0 1 0 0 0 0 0 1 0 0 0 0 1 0 0 3
1 0 0 0 0 0 1 0 1 0 0 0 0 0 1 0 0 0 0 0 3
0 0 0 0 0 0 1 0 0 0 0 1 0 0 1 0 0 1 0 0 3
1 0 0 0 0 0 1 0 0 0 0 0 0 0 0 1 1 0 0 0 3
0 0 0 0 0 0 1 0 0 1 0 0 0 0 0 1 0 0 1 0 3
0 1 0 0 0 0 0 1 0 1 0 0 0 0 0 0 1 0 0 0 3
0 0 1 0 0 0 0 1 0 0 0 0 0 1 0 0 1 0 0 0 3
1 0 0 0 0 0 0 1 1 0 0 0 0 0 0 0 0 0 1 0 3
0 0 0 0 0 0 0 1 0 0 1 0 0 1 0 0 0 0 1 0 3
1 0 0 0 0 0 0 1 0 0 0 0 1 0 0 0 0 0 0 1 3
0 0 0 0 0 0 0 1 0 1 0 0 0 0 1 0 0 0 0 1 3
1 0 0 0 0 0 1 0 1 0 0 0 0 0 1 0 0 0 0 0 3
1 0 0 0 0 0 0 1 1 0 0 0 0 0 0 0 0 0 1 0 3
0 0 1 0 0 1 0 0 1 0 0 0 0 1 0 0 0 0 0 0 3
0 0 1 0 0 0 0 0 1 0 0 0 0 0 0 1 0 0 1 0 3
0 0 0 1 0 1 0 0 1 0 0 0 0 0 0 0 0 1 0 0 3
0 0 0 1 0 0 0 0 1 0 0 0 0 0 1 0 0 0 0 1 3
0 0 1 0 1 0 0 0 0 1 0 0 0 0 1 0 0 0 0 0 3
0 0 0 1 1 0 0 0 0 1 0 0 0 0 0 0 0 0 1 0 3
0 1 0 0 0 0 1 0 0 1 0 0 1 0 0 0 0 0 0 0 3
0 0 0 0 0 0 1 0 0 1 0 0 0 0 0 1 0 0 1 0 3
0 1 0 0 0 0 0 1 0 1 0 0 0 0 0 0 1 0 0 0 3
0 0 0 0 0 0 0 1 0 1 0 0 0 0 1 0 0 0 0 1 3
1 0 0 0 0 1 0 0 0 0 1 0 1 0 0 0 0 0 0 0 3
0 0 0 1 0 0 0 0 0 0 1 0 1 0 0 0 0 0 1 0 3
0 1 0 0 1 0 0 0 0 0 1 0 0 1 0 0 0 0 0 0 3
0 0 0 0 0 0 0 1 0 0 1 0 0 1 0 0 0 0 1 0 3
0 1 0 0 0 0 0 0 0 0 1 0 0 0 0 1 1 0 0 0 3
0 0 0 0 0 1 0 0 0 0 1 0 0 0 0 1 0 1 0 0 3
1 0 0 0 0 1 0 0 0 0 0 1 0 0 0 0 1 0 0 0 3
0 0 1 0 0 0 0 0 0 0 0 1 0 0 1 0 1 0 0 0 3
0 1 0 0 1 0 0 0 0 0 0 1 0 0 0 0 0 1 0 0 3
0 0 0 0 0 0 1 0 0 0 0 1 0 0 1 0 0 1 0 0 3
0 1 0 0 0 0 0 0 0 0 0 1 1 0 0 0 0 0 0 1 3
0 0 0 0 0 1 0 0 0 0 0 1 0 1 0 0 0 0 0 1 3
1 0 0 0 0 1 0 0 0 0 1 0 1 0 0 0 0 0 0 0 3
1 0 0 0 0 0 0 1 0 0 0 0 1 0 0 0 0 0 0 1 3
0 1 0 0 0 0 1 0 0 1 0 0 1 0 0 0 0 0 0 0 3
0 1 0 0 0 0 0 0 0 0 0 1 1 0 0 0 0 0 0 1 3
0 0 0 1 0 0 1 0 0 0 0 0 1 0 0 0 0 1 0 0 3
0 0 0 1 0 0 0 0 0 0 1 0 1 0 0 0 0 0 1 0 3
0 1 0 0 1 0 0 0 0 0 1 0 0 1 0 0 0 0 0 0 3
0 0 0 1 1 0 0 0 0 0 0 0 0 1 0 0 0 0 0 1 3
0 0 1 0 0 1 0 0 1 0 0 0 0 1 0 0 0 0 0 0 3
0 0 0 0 0 1 0 0 0 0 0 1 0 1 0 0 0 0 0 1 3
0 0 1 0 0 0 0 1 0 0 0 0 0 1 0 0 1 0 0 0 3
0 0 0 0 0 0 0 1 0 0 1 0 0 1 0 0 0 0 1 0 3
1 0 0 0 0 0 1 0 1 0 0 0 0 0 1 0 0 0 0 0 3
0 0 0 1 0 0 0 0 1 0 0 0 0 0 1 0 0 0 0 1 3
0 0 1 0 1 0 0 0 0 1 0 0 0 0 1 0 0 0 0 0 3
0 0 0 0 0 0 0 1 0 1 0 0 0 0 1 0 0 0 0 1 3
0 0 1 0 0 0 0 0 0 0 0 1 0 0 1 0 1 0 0 0 3
0 0 0 0 0 0 1 0 0 0 0 1 0 0 1 0 0 1 0 0 3
1 0 0 0 0 0 1 0 0 0 0 0 0 0 0 1 1 0 0 0 3
0 1 0 0 0 0 0 0 0 0 1 0 0 0 0 1 1 0 0 0 3
0 0 1 0 1 0 0 0 0 0 0 0 0 0 0 1 0 1 0 0 3
0 0 0 0 0 1 0 0 0 0 1 0 0 0 0 1 0 1 0 0 3
0 0 1 0 0 0 0 0 1 0 0 0 0 0 0 1 0 0 1 0 3
0 0 0 0 0 0 1 0 0 1 0 0 0 0 0 1 0 0 1 0 3
1 0 0 0 0 1 0 0 0 0 0 1 0 0 0 0 1 0 0 0 3
1 0 0 0 0 0 1 0 0 0 0 0 0 0 0 1 1 0 0 0 3
0 1 0 0 0 0 0 1 0 1 0 0 0 0 0 0 1 0 0 0 3
0 1 0 0 0 0 0 0 0 0 1 0 0 0 0 1 1 0 0 0 3
0 0 1 0 0 0 0 1 0 0 0 0 0 1 0 0 1 0 0 0 3
0 0 1 0 0 0 0 0 0 0 0 1 0 0 1 0 1 0 0 0 3
0 1 0 0 1 0 0 0 0 0 0 1 0 0 0 0 0 1 0 0 3
0 0 1 0 1 0 0 0 0 0 0 0 0 0 0 1 0 1 0 0 3
0 0 0 1 0 1 0 0 1 0 0 0 0 0 0 0 0 1 0 0 3
0 0 0 0 0 1 0 0 0 0 1 0 0 0 0 1 0 1 0 0 3
0 0 0 1 0 0 1 0 0 0 0 0 1 0 0 0 0 1 0 0 3
0 0 0 0 0 0 1 0 0 0 0 1 0 0 1 0 0 1 0 0 3
1 0 0 0 0 0 0 1 1 0 0 0 0 0 0 0 0 0 1 0 3
0 0 1 0 0 0 0 0 1 0 0 0 0 0 0 1 0 0 1 0 3
0 0 0 1 1 0 0 0 0 1 0 0 0 0 0 0 0 0 1 0 3
0 0 0 0 0 0 1 0 0 1 0 0 0 0 0 1 0 0 1 0 3
0 0 0 1 0 0 0 0 0 0 1 0 1 0 0 0 0 0 1 0 3
0 0 0 0 0 0 0 1 0 0 1 0 0 1 0 0 0 0 1 0 3
1 0 0 0 0 0 0 1 0 0 0 0 1 0 0 0 0 0 0 1 3
0 1 0 0 0 0 0 0 0 0 0 1 1 0 0 0 0 0 0 1 3
0 0 0 1 1 0 0 0 0 0 0 0 0 1 0 0 0 0 0 1 3
0 0 0 0 0 1 0 0 0 0 0 1 0 1 0 0 0 0 0 1 3
0 0 0 1 0 0 0 0 1 0 0 0 0 0 1 0 0 0 0 1 3
0 0 0 0 0 0 0 1 0 1 0 0 0 0 1 0 0 0 0 1 3
20
-15.6205 -21.6333 -18.4391 -28.6356 -15.6205 -8 -11.3137 -16 -21.6333 -8 -8 -8 -18.4391 -11.3137 -8 -11.3137 -28.6356 -16 -8 -11.3137
1 1 1 1 0 0 0 0 0 0 0 0 0 0 0 0 0 0 0 0 1
-1 -1 -1 -1 0 0 0 0 0 0 0 0 0 0 0 0 0 0 0 0 -1
0 0 0 0 1 1 1 1 0 0 0 0 0 0 0 0 0 0 0 0 1
0 0 0 0 -1 -1 -1 -1 0 0 0 0 0 0 0 0 0 0 0 0 -1
0 0 0 0 0 0 0 0 1 1 1 1 0 0 0 0 0 0 0 0 1
0 0 0 0 0 0 0 0 -1 -1 -1 -1 0 0 0 0 0 0 0 0 -1
0 0 0 0 0 0 0 0 0 0 0 0 1 1 1 1 0 0 0 0 1
0 0 0 0 0 0 0 0 0 0 0 0 -1 -1 -1 -1 0 0 0 0 -1
0 0 0 0 0 0 0 0 0 0 0 0 0 0 0 0 1 1 1 1 1
0 0 0 0 0 0 0 0 0 0 0 0 0 0 0 0 -1 -1 -1 -1 -1
0 0 0 0 1 0 0 0 1 0 0 0 1 0 0 0 1 0 0 0 1
0 0 0 0 -1 0 0 0 -1 0 0 0 -1 0 0 0 -1 0 0 0 -1
1 0 0 0 0 0 0 0 0 1 0 0 0 1 0 0 0 1 0 0 1
-1 0 0 0 0 0 0 0 0 -1 0 0 0 -1 0 0 0 -1 0 0 -1
0 1 0 0 0 1 0 0 0 0 0 0 0 0 1 0 0 0 1 0 1
0 -1 0 0 0 -1 0 0 0 0 0 0 0 0 -1 0 0 0 -1 0 -1
0 0 1 0 0 0 1 0 0 0 1 0 0 0 0 0 0 0 0 1 1
0 0 -1 0 0 0 -1 0 0 0 -1 0 0 0 0 0 0 0 0 -1 -1
0 0 0 1 0 0 0 1 0 0 0 1 0 0 0 1 0 0 0 0 1
0 0 0 -1 0 0 0 -1 0 0 0 -1 0 0 0 -1 0 0 0 0 -1
1 0 0 0 1 0 0 0 0 0 0 0 0 0 0 0 0 0 0 0 1
0 1 0 0 0 0 0 0 1 0 0 0 0 0 0 0 0 0 0 0 1
0 0 1 0 0 0 0 0 0 0 0 0 1 0 0 0 0 0 0 0 1
0 0 0 1 0 0 0 0 0 0 0 0 0 0 0 0 1 0 0 0 1
1 0 0 0 1 0 0 0 0 0 0 0 0 0 0 0 0 0 0 0 1
0 0 0 0 0 1 0 0 0 1 0 0 0 0 0 0 0 0 0 0 1
0 0 0 0 0 0 1 0 0 0 0 0 0 1 0 0 0 0 0 0 1
0 0 0 0 0 0 0 1 0 0 0 0 0 0 0 0 0 1 0 0 1
0 1 0 0 0 0 0 0 1 0 0 0 0 0 0 0 0 0 0 0 1
0 0 0 0 0 1 0 0 0 1 0 0 0 0 0 0 0 0 0 0 1
0 0 0 0 0 0 0 0 0 0 1 0 0 0 1 0 0 0 0 0 1
0 0 0 0 0 0 0 0 0 0 0 1 0 0 0 0 0 0 1 0 1
0 0 1 0 0 0 0 0 0 0 0 0 1 0 0 0 0 0 0 0 1
0 0 0 0 0 0 1 0 0 0 0 0 0 1 0 0 0 0 0 0 1
0 0 0 0 0 0 0 0 0 0 1 0 0 0 1 0 0 0 0 0 1
0 0 0 0 0 0 0 0 0 0 0 0 0 0 0 1 0 0 0 1 1
0 0 0 1 0 0 0 0 0 0 0 0 0 0 0 0 1 0 0 0 1
0 0 0 0 0 0 0 1 0 0 0 0 0 0 0 0 0 1 0 0 1
0 0 0 0 0 0 0 0 0 0 0 1 0 0 0 0 0 0 1 0 1
0 0 0 0 0 0 0 0 0 0 0 0 0 0 0 1 0 0 0 1 1
1 0 0 0 0 1 0 0 1 0 0 0 0 0 0 0 0 0 0 0 2
1 0 0 0 0 0 1 0 0 0 0 0 1 0 0 0 0 0 0 0 2
1 0 0 0 0 0 0 1 0 0 0 0 0 0 0 0 1 0 0 0 2
0 1 0 0 1 0 0 0 0 1 0 0 0 0 0 0 0 0 0 0 2
0 1 0 0 0 0 0 0 0 0 1 0 1 0 0 0 0 0 0 0 2
0 1 0 0 0 0 0 0 0 0 0 1 0 0 0 0 1 0 0 0 2
0 0 1 0 1 0 0 0 0 0 0 0 0 1 0 0 0 0 0 0 2
0 0 1 0 0 0 0 0 1 0 0 0 0 0 1 0 0 0 0 0 2
0 0 1 0 0 0 0 0 0 0 0 0 0 0 0 1 1 0 0 0 2
0 0 0 1 1 0 0 0 0 0 0 0 0 0 0 0 0 1 0 0 2
0 0 0 1 0 0 0 0 1 0 0 0 0 0 0 0 0 0 1 0 2
0 0 0 1 0 0 0 0 0 0 0 0 1 0 0 0 0 0 0 1 2
0 1 0 0 1 0 0 0 0 1 0 0 0 0 0 0 0 0 0 0 2
0 0 1 0 1 0 0 0 0 0 0 0 0 1 0 0 0 0 0 0 2
0 0 0 1 1 0 0 0 0 0 0 0 0 0 0 0 0 1 0 0 2
1 0 0 0 0 1 0 0 1 0 0 0 0 0 0 0 0 0 0 0 2
0 0 0 0 0 1 0 0 0 0 1 0 0 1 0 0 0 0 0 0 2
0 0 0 0 0 1 0 0 0 0 0 1 0 0 0 0 0 1 0 0 2
1 0 0 0 0 0 1 0 0 0 0 0 1 0 0 0 0 0 0 0 2
0 0 0 0 0 0 1 0 0 1 0 0 0 0 1 0 0 0 0 0 2
0 0 0 0 0 0 1 0 0 0 0 0 0 0 0 1 0 1 0 0 2
1 0 0 0 0 0 0 1 0 0 0 0 0 0 0 0 1 0 0 0 2
0 0 0 0 0 0 0 1 0 1 0 0 0 0 0 0 0 0 1 0 2
0 0 0 0 0 0 0 1 0 0 0 0 0 1 0 0 0 0 0 1 2
1 0 0 0 0 1 0 0 1 0 0 0 0 0 0 0 0 0 0 0 2
0 0 1 0 0 0 0 0 1 0 0 0 0 0 1 0 0 0 0 0 2
0 0 0 1 0 0 0 0 1 0 0 0 0 0 0 0 0 0 1 0 2
0 1 0 0 1 0 0 0 0 1 0 0 0 0 0 0 0 0 0 0 2
0 0 0 0 0 0 1 0 0 1 0 0 0 0 1 0 0 0 0 0 2
0 0 0 0 0 0 0 1 0 1 0 0 0 0 0 0 0 0 1 0 2
0 1 0 0 0 0 0 0 0 0 1 0 1 0 0 0 0 0 0 0 2
0 0 0 0 0 1 0 0 0 0 1 0 0 1 0 0 0 0 0 0 2
0 0 0 0 0 0 0 0 0 0 1 0 0 0 0 1 0 0 1 0 2
0 1 0 0 0 0 0 0 0 0 0 1 0 0 0 0 1 0 0 0 2
0 0 0 0 0 1 0 0 0 0 0 1 0 0 0 0 0 1 0 0 2
0 0 0 0 0 0 0 0 0 0 0 1 0 0 1 0 0 0 0 1 2
1 0 0 0 0 0 1 0 0 0 0 0 1 0 0 0 0 0 0 0 2
0 1 0 0 0 0 0 0 0 0 1 0 1 0 0 0 0 0 0 0 2
0 0 0 1 0 0 0 0 0 0 0 0 1 0 0 0 0 0 0 1 2
0 0 1 0 1 0 0 0 0 0 0 0 0 1 0 0 0 0 0 0 2
0 0 0 0 0 1 0 0 0 0 1 0 0 1 0 0 0 0 0 0 2
0 0 0 0 0 0 0 1 0 0 0 0 0 1 0 0 0 0 0 1 2
0 0 1 0 0 0 0 0 1 0 0 0 0 0 1 0 0 0 0 0 2
0 0 0 0 0 0 1 0 0 1 0 0 0 0 1 0 0 0 0 0 2
0 0 0 0 0 0 0 0 0 0 0 1 0 0 1 0 0 0 0 1 2
0 0 1 0 0 0 0 0 0 0 0 0 0 0 0 1 1 0 0 0 2
0 0 0 0 0 0 1 0 0 0 0 0 0 0 0 1 0 1 0 0 2
0 0 0 0 0 0 0 0 0 0 1 0 0 0 0 1 0 0 1 0 2
1 0 0 0 0 0 0 1 0 0 0 0 0 0 0 0 1 0 0 0 2
0 1 0 0 0 0 0 0 0 0 0 1 0 0 0 0 1 0 0 0 2
0 0 1 0 0 0 0 0 0 0 0 0 0 0 0 1 1 0 0 0 2
0 0 0 1 1 0 0 0 0 0 0 0 0 0 0 0 0 1 0 0 2
0 0 0 0 0 1 0 0 0 0 0 1 0 0 0 0 0 1 0 0 2
0 0 0 0 0 0 1 0 0 0 0 0 0 0 0 1 0 1 0 0 2
0 0 0 1 0 0 0 0 1 0 0 0 0 0 0 0 0 0 1 0 2
0 0 0 0 0 0 0 1 0 1 0 0 0 0 0 0 0 0 1 0 2
0 0 0 0 0 0 0 0 0 0 1 0 0 0 0 1 0 0 1 0 2
0 0 0 1 0 0 0 0 0 0 0 0 1 0 0 0 0 0 0 1 2
0 0 0 0 0 0 0 1 0 0 0 0 0 1 0 0 0 0 0 1 2
0 0 0 0 0 0 0 0 0 0 0 1 0 0 1 0 0 0 0 1 2
1 0 0 0 0 1 0 0 0 0 1 0 1 0 0 0 0 0 0 0 3
1 0 0 0 0 1 0 0 0 0 0 1 0 0 0 0 1 0 0 0 3
1 0 0 0 0 0 1 0 1 0 0 0 0 0 1 0 0 0 0 0 3
1 0 0 0 0 0 1 0 0 0 0 0 0 0 0 1 1 0 0 0 3
1 0 0 0 0 0 0 1 1 0 0 0 0 0 0 0 0 0 1 0 3
1 0 0 0 0 0 0 1 0 0 0 0 1 0 0 0 0 0 0 1 3
0 1 0 0 0 0 1 0 0 1 0 0 1 0 0 0 0 0 0 0 3
0 1 0 0 0 0 0 1 0 1 0 0 0 0 0 0 1 0 0 0 3
0 1 0 0 1 0 0 0 0 0 1 0 0 1 0 0 0 0 0 0 3
0 1 0 0 0 0 0 0 0 0 1 0 0 0 0 1 1 0 0 0 3
0 1 0 0 1 0 0 0 0 0 0 1 0 0 0 0 0 1 0 0 3
0 1 0 0 0 0 0 0 0 0 0 1 1 0 0 0 0 0 0 1 3
0 0 1 0 0 1 0 0 1 0 0 0 0 1 0 0 0 0 0 0 3
0 0 1 0 0 0 0 1 0 0 0 0 0 1 0 0 1 0 0 0 3
0 0 1 0 1 0 0 0 0 1 0 0 0 0 1 0 0 0 0 0 3
0 0 1 0 0 0 0 0 0 0 0 1 0 0 1 0 1 0 0 0 3
0 0 1 0 1 0 0 0 0 0 0 0 0 0 0 1 0 1 0 0 3
0 0 1 0 0 0 0 0 1 0 0 0 0 0 0 1 0 0 1 0 3
0 0 0 1 0 1 0 0 1 0 0 0 0 0 0 0 0 1 0 0 3
0 0 0 1 0 0 1 0 0 0 0 0 1 0 0 0 0 1 0 0 3
0 0 0 1 1 0 0 0 0 1 0 0 0 0 0 0 0 0 1 0 3
0 0 0 1 0 0 0 0 0 0 1 0 1 0 0 0 0 0 1 0 3
0 0 0 1 1 0 0 0 0 0 0 0 0 1 0 0 0 0 0 1 3
0 0 0 1 0 0 0 0 1 0 0 0 0 0 1 0 0 0 0 1 3
0 1 0 0 1 0 0 0 0 0 1 0 0 1 0 0 0 0 0 0 3
0 1 0 0 1 0 0 0 0 0 0 1 0 0 0 0 0 1 0 0 3
0 0 1 0 1 0 0 0 0 1 0 0 0 0 1 0 0 0 0 0 3
0 0 1 0 1 0 0 0 0 0 0 0 0 0 0 1 0 1 0 0 3
0 0 0 1 1 0 0 0 0 1 0 0 0 0 0 0 0 0 1 0 3
0 0 0 1 1 0 0 0 0 0 0 0 0 1 0 0 0 0 0 1 3
0 0 1 0 0 1 0 0 1 0 0 0 0 1 0 0 0 0 0 0 3
0 0 0 1 0 1 0 0 1 0 0 0 0 0 0 0 0 1 0 0 3
1 0 0 0 0 1 0 0 0 0 1 0 1 0 0 0 0 0 0 0 3
0 0 0 0 0 1 0 0 0 0 1 0 0 0 0 1 0 1 0 0 3
1 0 0 0 0 1 0 0 0 0 0 1 0 0 0 0 1 0 0 0 3
0 0 0 0 0 1 0 0 0 0 0 1 0 1 0 0 0 0 0 1 3
0 1 0 0 0 0 1 0 0 1 0 0 1 0 0 0 0 0 0 0 3
0 0 0 1 0 0 1 0 0 0 0 0 1 0 0 0 0 1 0 0 3
1 0 0 0 0 0 1 0 1 0 0 0 0 0 1 0 0 0 0 0 3
0 0 0 0 0 0 1 0 0 0 0 1 0 0 1 0 0 1 0 0 3
1 0 0 0 0 0 1 0 0 0 0 0 0 0 0 1 1 0 0 0 3
0 0 0 0 0 0 1 0 0 1 0 0 0 0 0 1 0 0 1 0 3
0 1 0 0 0 0 0 1 0 1 0 0 0 0 0 0 1 0 0 0 3
0 0 1 0 0 0 0 1 0 0 0 0 0 1 0 0 1 0 0 0 3
1 0 0 0 0 0 0 1 1 0 0 0 0 0 0 0 0 0 1 0 3
0 0 0 0 0 0 0 1 0 0 1 0 0 1 0 0 0 0 1 0 3
1 0 0 0 0 0 0 1 0 0 0 0 1 0 0 0 0 0 0 1 3
0 0 0 0 0 0 0 1 0 1 0 0 0 0 1 0 0 0 0 1 3
1 0 0 0 0 0 1 0 1 0 0 0 0 0 1 0 0 0 0 0 3
1 0 0 0 0 0 0 1 1 0 0 0 0 0 0 0 0 0 1 0 3
0 0 1 0 0 1 0 0 1 0 0 0 0 1 0 0 0 0 0 0 3
0 0 1 0 0 0 0 0 1 0 0 0 0 0 0 1 0 0 1 0 3
0 0 0 1 0 1 0 0 1 0 0 0 0 0 0 0 0 1 0 0 3
0 0 0 1 0 0 0 0 1 0 0 0 0 0 1 0 0 0 0 1 3
0 0 1 0 1 0 0 0 0 1 0 0 0 0 1 0 0 0 0 0 3
0 0 0 1 1 0 0 0 0 1 0 0 0 0 0 0 0 0 1 0 3
0 1 0 0 0 0 1 0 0 1 0 0 1 0 0 0 0 0 0 0 3
0 0 0 0 0 0 1 0 0 1 0 0 0 0 0 1 0 0 1 0 3
0 1 0 0 0 0 0 1 0 1 0 0 0 0 0 0 1 0 0 0 3
0 0 0 0 0 0 0 1 0 1 0 0 0 0 1 0 0 0 0 1 3
1 0 0 0 0 1 0 0 0 0 1 0 1 0 0 0 0 0 0 0 3
0 0 0 1 0 0 0 0 0 0 1 0 1 0 0 0 0 0 1 0 3
0 1 0 0 1 0 0 0 0 0 1 0 0 1 0 0 0 0 0 0 3
0 0 0 0 0 0 0 1 0 0 1 0 0 1 0 0 0 0 1 0 3
0 1 0 0 0 0 0 0 0 0 1 0 0 0 0 1 1 0 0 0 3
0 0 0 0 0 1 0 0 0 0 1 0 0 0 0 1 0 1 0 0 3
1 0 0 0 0 1 0 0 0 0 0 1 0 0 0 0 1 0 0 0 3
0 0 1 0 0 0 0 0 0 0 0 1 0 0 1 0 1 0 0 0 3
0 1 0 0 1 0 0 0 0 0 0 1 0 0 0 0 0 1 0 0 3
0 0 0 0 0 0 1 0 0 0 0 1 0 0 1 0 0 1 0 0 3
0 1 0 0 0 0 0 0 0 0 0 1 1 0 0 0 0 0 0 1 3
0 0 0 0 0 1 0 0 0 0 0 1 0 1 0 0 0 0 0 1 3
1 0 0 0 0 1 0 0 0 0 1 0 1 0 0 0 0 0 0 0 3
1 0 0 0 0 0 0 1 0 0 0 0 1 0 0 0 0 0 0 1 3
0 1 0 0 0 0 1 0 0 1 0 0 1 0 0 0 0 0 0 0 3
0 1 0 0 0 0 0 0 0 0 0 1 1 0 0 0 0 0 0 1 3
0 0 0 1 0 0 1 0 0 0 0 0 1 0 0 0 0 1 0 0 3
0 0 0 1 0 0 0 0 0 0 1 0 1 0 0 0 0 0 1 0 3
0 1 0 0 1 0 0 0 0 0 1 0 0 1 0 0 0 0 0 0 3
0 0 0 1 1 0 0 0 0 0 0 0 0 1 0 0 0 0 0 1 3
0 0 1 0 0 1 0 0 1 0 0 0 0 1 0 0 0 0 0 0 3
0 0 0 0 0 1 0 0 0 0 0 1 0 1 0 0 0 0 0 1 3
0 0 1 0 0 0 0 1 0 0 0 0 0 1 0 0 1 0 0 0 3
0 0 0 0 0 0 0 1 0 0 1 0 0 1 0 0 0 0 1 0 3
1 0 0 0 0 0 1 0 1 0 0 0 0 0 1 0 0 0 0 0 3
0 0 0 1 0 0 0 0 1 0 0 0 0 0 1 0 0 0 0 1 3
0 0 1 0 1 0 0 0 0 1 0 0 0 0 1 0 0 0 0 0 3
0 0 0 0 0 0 0 1 0 1 0 0 0 0 1 0 0 0 0 1 3
0 0 1 0 0 0 0 0 0 0 0 1 0 0 1 0 1 0 0 0 3
0 0 0 0 0 0 1 0 0 0 0 1 0 0 1 0 0 1 0 0 3
1 0 0 0 0 0 1 0 0 0 0 0 0 0 0 1 1 0 0 0 3
0 1 0 0 0 0 0 0 0 0 1 0 0 0 0 1 1 0 0 0 3
0 0 1 0 1 0 0 0 0 0 0 0 0 0 0 1 0 1 0 0 3
0 0 0 0 0 1 0 0 0 0 1 0 0 0 0 1 0 1 0 0 3
0 0 1 0 0 0 0 0 1 0 0 0 0 0 0 1 0 0 1 0 3
0 0 0 0 0 0 1 0 0 1 0 0 0 0 0 1 0 0 1 0 3
1 0 0 0 0 1 0 0 0 0 0 1 0 0 0 0 1 0 0 0 3
1 0 0 0 0 0 1 0 0 0 0 0 0 0 0 1 1 0 0 0 3
0 1 0 0 0 0 0 1 0 1 0 0 0 0 0 0 1 0 0 0 3
0 1 0 0 0 0 0 0 0 0 1 0 0 0 0 1 1 0 0 0 3
0 0 1 0 0 0 0 1 0 0 0 0 0 1 0 0 1 0 0 0 3
0 0 1 0 0 0 0 0 0 0 0 1 0 0 1 0 1 0 0 0 3
0 1 0 0 1 0 0 0 0 0 0 1 0 0 0 0 0 1 0 0 3
0 0 1 0 1 0 0 0 0 0 0 0 0 0 0 1 0 1 0 0 3
0 0 0 1 0 1 0 0 1 0 0 0 0 0 0 0 0 1 0 0 3
0 0 0 0 0 1 0 0 0 0 1 0 0 0 0 1 0 1 0 0 3
0 0 0 1 0 0 1 0 0 0 0 0 1 0 0 0 0 1 0 0 3
0 0 0 0 0 0 1 0 0 0 0 1 0 0 1 0 0 1 0 0 3
1 0 0 0 0 0 0 1 1 0 0 0 0 0 0 0 0 0 1 0 3
0 0 1 0 0 0 0 0 1 0 0 0 0 0 0 1 0 0 1 0 3
0 0 0 1 1 0 0 0 0 1 0 0 0 0 0 0 0 0 1 0 3
0 0 0 0 0 0 1 0 0 1 0 0 0 0 0 1 0 0 1 0 3
0 0 0 1 0 0 0 0 0 0 1 0 1 0 0 0 0 0 1 0 3
0 0 0 0 0 0 0 1 0 0 1 0 0 1 0 0 0 0 1 0 3
1 0 0 0 0 0 0 1 0 0 0 0 1 0 0 0 0 0 0 1 3
0 1 0 0 0 0 0 0 0 0 0 1 1 0 0 0 0 0 0 1 3
0 0 0 1 1 0 0 0 0 0 0 0 0 1 0 0 0 0 0 1 3
0 0 0 0 0 1 0 0 0 0 0 1 0 1 0 0 0 0 0 1 3
0 0 0 1 0 0 0 0 1 0 0 0 0 0 1 0 0 0 0 1 3
0 0 0 0 0 0 0 1 0 1 0 0 0 0 1 0 0 0 0 1 3
20
-8 -8 -25.2982 -33.9411 -8 -11.3137 -24 -28.8444 -8 -11.3137 -17.8885 -28.8444 -25.2982 -24 -17.8885 -16 -33.9411 -28.8444 -28.8444 -16
1 1 1 1 0 0 0 0 0 0 0 0 0 0 0 0 0 0 0 0 1
-1 -1 -1 -1 0 0 0 0 0 0 0 0 0 0 0 0 0 0 0 0 -1
0 0 0 0 1 1 1 1 0 0 0 0 0 0 0 0 0 0 0 0 1
0 0 0 0 -1 -1 -1 -1 0 0 0 0 0 0 0 0 0 0 0 0 -1
0 0 0 0 0 0 0 0 1 1 1 1 0 0 0 0 0 0 0 0 1
0 0 0 0 0 0 0 0 -1 -1 -1 -1 0 0 0 0 0 0 0 0 -1
0 0 0 0 0 0 0 0 0 0 0 0 1 1 1 1 0 0 0 0 1
0 0 0 0 0 0 0 0 0 0 0 0 -1 -1 -1 -1 0 0 0 0 -1
0 0 0 0 0 0 0 0 0 0 0 0 0 0 0 0 1 1 1 1 1
0 0 0 0 0 0 0 0 0 0 0 0 0 0 0 0 -1 -1 -1 -1 -1
0 0 0 0 1 0 0 0 1 0 0 0 1 0 0 0 1 0 0 0 1
0 0 0 0 -1 0 0 0 -1 0 0 0 -1 0 0 0 -1 0 0 0 -1
1 0 0 0 0 0 0 0 0 1 0 0 0 1 0 0 0 1 0 0 1
-1 0 0 0 0 0 0 0 0 -1 0 0 0 -1 0 0 0 -1 0 0 -1
0 1 0 0 0 1 0 0 0 0 0 0 0 0 1 0 0 0 1 0 1
0 -1 0 0 0 -1 0 0 0 0 0 0 0 0 -1 0 0 0 -1 0 -1
0 0 1 0 0 0 1 0 0 0 1 0 0 0 0 0 0 0 0 1 1
0 0 -1 0 0 0 -1 0 0 0 -1 0 0 0 0 0 0 0 0 -1 -1
0 0 0 1 0 0 0 1 0 0 0 1 0 0 0 1 0 0 0 0 1
0 0 0 -1 0 0 0 -1 0 0 0 -1 0 0 0 -1 0 0 0 0 -1
1 0 0 0 1 0 0 0 0 0 0 0 0 0 0 0 0 0 0 0 1
0 1 0 0 0 0 0 0 1 0 0 0 0 0 0 0 0 0 0 0 1
0 0 1 0 0 0 0 0 0 0 0 0 1 0 0 0 0 0 0 0 1
0 0 0 1 0 0 0 0 0 0 0 0 0 0 0 0 1 0 0 0 1
1 0 0 0 1 0 0 0 0 0 0 0 0 0 0 0 0 0 0 0 1
0 0 0 0 0 1 0 0 0 1 0 0 0 0 0 0 0 0 0 0 1
0 0 0 0 0 0 1 0 0 0 0 0 0 1 0 0 0 0 0 0 1
0 0 0 0 0 0 0 1 0 0 0 0 0 0 0 0 0 1 0 0 1
0 1 0 0 0 0 0 0 1 0 0 0 0 0 0 0 0 0 0 0 1
0 0 0 0 0 1 0 0 0 1 0 0 0 0 0 0 0 0 0 0 1
0 0 0 0 0 0 0 0 0 0 1 0 0 0 1 0 0 0 0 0 1
0 0 0 0 0 0 0 0 0 0 0 1 0 0 0 0 0 0 1 0 1
0 0 1 0 0 0 0 0 0 0 0 0 1 0 0 0 0 0 0 0 1
0 0 0 0 0 0 1 0 0 0 0 0 0 1 0 0 0 0 0 0 1
0 0 0 0 0 0 0 0 0 0 1 0 0 0 1 0 0 0 0 0 1
0 0 0 0 0 0 0 0 0 0 0 0 0 0 0 1 0 0 0 1 1
0 0 0 1 0 0 0 0 0 0 0 0 0 0 0 0 1 0 0 0 1
0 0 0 0 0 0 0 1 0 0 0 0 0 0 0 0 0 1 0 0 1
0 0 0 0 0 0 0 0 0 0 0 1 0 0 0 0 0 0 1 0 1
0 0 0 0 0 0 0 0 0 0 0 0 0 0 0 1 0 0 0 1 1
1 0 0 0 0 1 0 0 1 0 0 0 0 0 0 0 0 0 0 0 2
1 0 0 0 0 0 1 0 0 0 0 0 1 0 0 0 0 0 0 0 2
1 0 0 0 0 0 0 1 0 0 0 0 0 0 0 0 1 0 0 0 2
0 1 0 0 1 0 0 0 0 1 0 0 0 0 0 0 0 0 0 0 2
0 1 0 0 0 0 0 0 0 0 1 0 1 0 0 0 0 0 0 0 2
0 1 0 0 0 0 0 0 0 0 0 1 0 0 0 0 1 0 0 0 2
0 0 1 0 1 0 0 0 0 0 0 0 0 1 0 0 0 0 0 0 2
0 0 1 0 0 0 0 0 1 0 0 0 0 0 1 0 0 0 0 0 2
0 0 1 0 0 0 0 0 0 0 0 0 0 0 0 1 1 0 0 0 2
0 0 0 1 1 0 0 0 0 0 0 0 0 0 0 0 0 1 0 0 2
0 0 0 1 0 0 0 0 1 0 0 0 0 0 0 0 0 0 1 0 2
0 0 0 1 0 0 0 0 0 0 0 0 1 0 0 0 0 0 0 1 2
0 1 0 0 1 0 0 0 0 1 0 0 0 0 0 0 0 0 0 0 2
0 0 1 0 1 0 0 0 0 0 0 0 0 1 0 0 0 0 0 0 2
0 0 0 1 1 0 0 0 0 0 0 0 0 0 0 0 0 1 0 0 2
1 0 0 0 0 1 0 0 1 0 0 0 0 0 0 0 0 0 0 0 2
0 0 0 0 0 1 0 0 0 0 1 0 0 1 0 0 0 0 0 0 2
0 0 0 0 0 1 0 0 0 0 0 1 0 0 0 0 0 1 0 0 2
1 0 0 0 0 0 1 0 0 0 0 0 1 0 0 0 0 0 0 0 2
0 0 0 0 0 0 1 0 0 1 0 0 0 0 1 0 0 0 0 0 2
0 0 0 0 0 0 1 0 0 0 0 0 0 0 0 1 0 1 0 0 2
1 0 0 0 0 0 0 1 0 0 0 0 0 0 0 0 1 0 0 0 2
0 0 0 0 0 0 0 1 0 1 0 0 0 0 0 0 0 0 1 0 2
0 0 0 0 0 0 0 1 0 0 0 0 0 1 0 0 0 0 0 1 2
1 0 0 0 0 1 0 0 1 0 0 0 0 0 0 0 0 0 0 0 2
0 0 1 0 0 0 0 0 1 0 0 0 0 0 1 0 0 0 0 0 2
0 0 0 1 0 0 0 0 1 0 0 0 0 0 0 0 0 0 1 0 2
0 1 0 0 1 0 0 0 0 1 0 0 0 0 0 0 0 0 0 0 2
0 0 0 0 0 0 1 0 0 1 0 0 0 0 1 0 0 0 0 0 2
0 0 0 0 0 0 0 1 0 1 0 0 0 0 0 0 0 0 1 0 2
0 1 0 0 0 0 0 0 0 0 1 0 1 0 0 0 0 0 0 0 2
0 0 0 0 0 1 0 0 0 0 1 0 0 1 0 0 0 0 0 0 2
0 0 0 0 0 0 0 0 0 0 1 0 0 0 0 1 0 0 1 0 2
0 1 0 0 0 0 0 0 0 0 0 1 0 0 0 0 1 0 0 0 2
0 0 0 0 0 1 0 0 0 0 0 1 0 0 0 0 0 1 0 0 2
0 0 0 0 0 0 0 0 0 0 0 1 0 0 1 0 0 0 0 1 2
1 0 0 0 0 0 1 0 0 0 0 0 1 0 0 0 0 0 0 0 2
0 1 0 0 0 0 0 0 0 0 1 0 1 0 0 0 0 0 0 0 2
0 0 0 1 0 0 0 0 0 0 0 0 1 0 0 0 0 0 0 1 2
0 0 1 0 1 0 0 0 0 0 0 0 0 1 0 0 0 0 0 0 2
0 0 0 0 0 1 0 0 0 0 1 0 0 1 0 0 0 0 0 0 2
0 0 0 0 0 0 0 1 0 0 0 0 0 1 0 0 0 0 0 1 2
0 0 1 0 0 0 0 0 1 0 0 0 0 0 1 0 0 0 0 0 2
0 0 0 0 0 0 1 0 0 1 0 0 0 0 1 0 0 0 0 0 2
0 0 0 0 0 0 0 0 0 0 0 1 0 0 1 0 0 0 0 1 2
0 0 1 0 0 0 0 0 0 0 0 0 0 0 0 1 1 0 0 0 2
0 0 0 0 0 0 1 0 0 0 0 0 0 0 0 1 0 1 0 0 2
0 0 0 0 0 0 0 0 0 0 1 0 0 0 0 1 0 0 1 0 2
1 0 0 0 0 0 0 1 0 0 0 0 0 0 0 0 1 0 0 0 2
0 1 0 0 0 0 0 0 0 0 0 1 0 0 0 0 1 0 0 0 2
0 0 1 0 0 0 0 0 0 0 0 0 0 0 0 1 1 0 0 0 2
0 0 0 1 1 0 0 0 0 0 0 0 0 0 0 0 0 1 0 0 2
0 0 0 0 0 1 0 0 0 0 0 1 0 0 0 0 0 1 0 0 2
0 0 0 0 0 0 1 0 0 0 0 0 0 0 0 1 0 1 0 0 2
0 0 0 1 0 0 0 0 1 0 0 0 0 0 0 0 0 0 1 0 2
0 0 0 0 0 0 0 1 0 1 0 0 0 0 0 0 0 0 1 0 2
0 0 0 0 0 0 0 0 0 0 1 0 0 0 0 1 0 0 1 0 2
0 0 0 1 0 0 0 0 0 0 0 0 1 0 0 0 0 0 0 1 2
0 0 0 0 0 0 0 1 0 0 0 0 0 1 0 0 0 0 0 1 2
0 0 0 0 0 0 0 0 0 0 0 1 0 0 1 0 0 0 0 1 2
1 0 0 0 0 1 0 0 0 0 1 0 1 0 0 0 0 0 0 0 3
1 0 0 0 0 1 0 0 0 0 0 1 0 0 0 0 1 0 0 0 3
1 0 0 0 0 0 1 0 1 0 0 0 0 0 1 0 0 0 0 0 3
1 0 0 0 0 0 1 0 0 0 0 0 0 0 0 1 1 0 0 0 3
1 0 0 0 0 0 0 1 1 0 0 0 0 0 0 0 0 0 1 0 3
1 0 0 0 0 0 0 1 0 0 0 0 1 0 0 0 0 0 0 1 3
0 1 0 0 0 0 1 0 0 1 0 0 1 0 0 0 0 0 0 0 3
0 1 0 0 0 0 0 1 0 1 0 0 0 0 0 0 1 0 0 0 3
0 1 0 0 1 0 0 0 0 0 1 0 0 1 0 0 0 0 0 0 3
0 1 0 0 0 0 0 0 0 0 1 0 0 0 0 1 1 0 0 0 3
0 1 0 0 1 0 0 0 0 0 0 1 0 0 0 0 0 1 0 0 3
0 1 0 0 0 0 0 0 0 0 0 1 1 0 0 0 0 0 0 1 3
0 0 1 0 0 1 0 0 1 0 0 0 0 1 0 0 0 0 0 0 3
0 0 1 0 0 0 0 1 0 0 0 0 0 1 0 0 1 0 0 0 3
0 0 1 0 1 0 0 0 0 1 0 0 0 0 1 0 0 0 0 0 3
0 0 1 0 0 0 0 0 0 0 0 1 0 0 1 0 1 0 0 0 3
0 0 1 0 1 0 0 0 0 0 0 0 0 0 0 1 0 1 0 0 3
0 0 1 0 0 0 0 0 1 0 0 0 0 0 0 1 0 0 1 0 3
0 0 0 1 0 1 0 0 1 0 0 0 0 0 0 0 0 1 0 0 3
0 0 0 1 0 0 1 0 0 0 0 0 1 0 0 0 0 1 0 0 3
0 0 0 1 1 0 0 0 0 1 0 0 0 0 0 0 0 0 1 0 3
0 0 0 1 0 0 0 0 0 0 1 0 1 0 0 0 0 0 1 0 3
0 0 0 1 1 0 0 0 0 0 0 0 0 1 0 0 0 0 0 1 3
0 0 0 1 0 0 0 0 1 0 0 0 0 0 1 0 0 0 0 1 3
0 1 0 0 1 0 0 0 0 0 1 0 0 1 0 0 0 0 0 0 3
0 1 0 0 1 0 0 0 0 0 0 1 0 0 0 0 0 1 0 0 3
0 0 1 0 1 0 0 0 0 1 0 0 0 0 1 0 0 0 0 0 3
0 0 1 0 1 0 0 0 0 0 0 0 0 0 0 1 0 1 0 0 3
0 0 0 1 1 0 0 0 0 1 0 0 0 0 0 0 0 0 1 0 3
0 0 0 1 1 0 0 0 0 0 0 0 0 1 0 0 0 0 0 1 3
0 0 1 0 0 1 0 0 1 0 0 0 0 1 0 0 0 0 0 0 3
0 0 0 1 0 1 0 0 1 0 0 0 0 0 0 0 0 1 0 0 3
1 0 0 0 0 1 0 0 0 0 1 0 1 0 0 0 0 0 0 0 3
0 0 0 0 0 1 0 0 0 0 1 0 0 0 0 1 0 1 0 0 3
1 0 0 0 0 1 0 0 0 0 0 1 0 0 0 0 1 0 0 0 3
0 0 0 0 0 1 0 0 0 0 0 1 0 1 0 0 0 0 0 1 3
0 1 0 0 0 0 1 0 0 1 0 0 1 0 0 0 0 0 0 0 3
0 0 0 1 0 0 1 0 0 0 0 0 1 0 0 0 0 1 0 0 3
1 0 0 0 0 0 1 0 1 0 0 0 0 0 1 0 0 0 0 0 3
0 0 0 0 0 0 1 0 0 0 0 1 0 0 1 0 0 1 0 0 3
1 0 0 0 0 0 1 0 0 0 0 0 0 0 0 1 1 0 0 0 3
0 0 0 0 0 0 1 0 0 1 0 0 0 0 0 1 0 0 1 0 3
0 1 0 0 0 0 0 1 0 1 0 0 0 0 0 0 1 0 0 0 3
0 0 1 0 0 0 0 1 0 0 0 0 0 1 0 0 1 0 0 0 3
1 0 0 0 0 0 0 1 1 0 0 0 0 0 0 0 0 0 1 0 3
0 0 0 0 0 0 0 1 0 0 1 0 0 1 0 0 0 0 1 0 3
1 0 0 0 0 0 0 1 0 0 0 0 1 0 0 0 0 0 0 1 3
0 0 0 0 0 0 0 1 0 1 0 0 0 0 1 0 0 0 0 1 3
1 0 0 0 0 0 1 0 1 0 0 0 0 0 1 0 0 0 0 0 3
1 0 0 0 0 0 0 1 1 0 0 0 0 0 0 0 0 0 1 0 3
0 0 1 0 0 1 0 0 1 0 0 0 0 1 0 0 0 0 0 0 3
0 0 1 0 0 0 0 0 1 0 0 0 0 0 0 1 0 0 1 0 3
0 0 0 1 0 1 0 0 1 0 0 0 0 0 0 0 0 1 0 0 3
0 0 0 1 0 0 0 0 1 0 0 0 0 0 1 0 0 0 0 1 3
0 0 1 0 1 0 0 0 0 1 0 0 0 0 1 0 0 0 0 0 3
0 0 0 1 1 0 0 0 0 1 0 0 0 0 0 0 0 0 1 0 3
0 1 0 0 0 0 1 0 0 1 0 0 1 0 0 0 0 0 0 0 3
0 0 0 0 0 0 1 0 0 1 0 0 0 0 0 1 0 0 1 0 3
0 1 0 0 0 0 0 1 0 1 0 0 0 0 0 0 1 0 0 0 3
0 0 0 0 0 0 0 1 0 1 0 0 0 0 1 0 0 0 0 1 3
1 0 0 0 0 1 0 0 0 0 1 0 1 0 0 0 0 0 0 0 3
0 0 0 1 0 0 0 0 0 0 1 0 1 0 0 0 0 0 1 0 3
0 1 0 0 1 0 0 0 0 0 1 0 0 1 0 0 0 0 0 0 3
0 0 0 0 0 0 0 1 0 0 1 0 0 1 0 0 0 0 1 0 3
0 1 0 0 0 0 0 0 0 0 1 0 0 0 0 1 1 0 0 0 3
0 0 0 0 0 1 0 0 0 0 1 0 0 0 0 1 0 1 0 0 3
1 0 0 0 0 1 0 0 0 0 0 1 0 0 0 0 1 0 0 0 3
0 0 1 0 0 0 0 0 0 0 0 1 0 0 1 0 1 0 0 0 3
0 1 0 0 1 0 0 0 0 0 0 1 0 0 0 0 0 1 0 0 3
0 0 0 0 0 0 1 0 0 0 0 1 0 0 1 0 0 1 0 0 3
0 1 0 0 0 0 0 0 0 0 0 1 1 0 0 0 0 0 0 1 3
0 0 0 0 0 1 0 0 0 0 0 1 0 1 0 0 0 0 0 1 3
1 0 0 0 0 1 0 0 0 0 1 0 1 0 0 0 0 0 0 0 3
1 0 0 0 0 0 0 1 0 0 0 0 1 0 0 0 0 0 0 1 3
0 1 0 0 0 0 1 0 0 1 0 0 1 0 0 0 0 0 0 0 3
0 1 0 0 0 0 0 0 0 0 0 1 1 0 0 0 0 0 0 1 3
0 0 0 1 0 0 1 0 0 0 0 0 1 0 0 0 0 1 0 0 3
0 0 0 1 0 0 0 0 0 0 1 0 1 0 0 0 0 0 1 0 3
0 1 0 0 1 0 0 0 0 0 1 0 0 1 0 0 0 0 0 0 3
0 0 0 1 1 0 0 0 0 0 0 0 0 1 0 0 0 0 0 1 3
0 0 1 0 0 1 0 0 1 0 0 0 0 1 0 0 0 0 0 0 3
0 0 0 0 0 1 0 0 0 0 0 1 0 1 0 0 0 0 0 1 3
0 0 1 0 0 0 0 1 0 0 0 0 0 1 0 0 1 0 0 0 3
0 0 0 0 0 0 0 1 0 0 1 0 0 1 0 0 0 0 1 0 3
1 0 0 0 0 0 1 0 1 0 0 0 0 0 1 0 0 0 0 0 3
0 0 0 1 0 0 0 0 1 0 0 0 0 0 1 0 0 0 0 1 3
0 0 1 0 1 0 0 0 0 1 0 0 0 0 1 0 0 0 0 0 3
0 0 0 0 0 0 0 1 0 1 0 0 0 0 1 0 0 0 0 1 3
0 0 1 0 0 0 0 0 0 0 0 1 0 0 1 0 1 0 0 0 3
0 0 0 0 0 0 1 0 0 0 0 1 0 0 1 0 0 1 0 0 3
1 0 0 0 0 0 1 0 0 0 0 0 0 0 0 1 1 0 0 0 3
0 1 0 0 0 0 0 0 0 0 1 0 0 0 0 1 1 0 0 0 3
0 0 1 0 1 0 0 0 0 0 0 0 0 0 0 1 0 1 0 0 3
0 0 0 0 0 1 0 0 0 0 1 0 0 0 0 1 0 1 0 0 3
0 0 1 0 0 0 0 0 1 0 0 0 0 0 0 1 0 0 1 0 3
0 0 0 0 0 0 1 0 0 1 0 0 0 0 0 1 0 0 1 0 3
1 0 0 0 0 1 0 0 0 0 0 1 0 0 0 0 1 0 0 0 3
1 0 0 0 0 0 1 0 0 0 0 0 0 0 0 1 1 0 0 0 3
0 1 0 0 0 0 0 1 0 1 0 0 0 0 0 0 1 0 0 0 3
0 1 0 0 0 0 0 0 0 0 1 0 0 0 0 1 1 0 0 0 3
0 0 1 0 0 0 0 1 0 0 0 0 0 1 0 0 1 0 0 0 3
0 0 1 0 0 0 0 0 0 0 0 1 0 0 1 0 1 0 0 0 3
0 1 0 0 1 0 0 0 0 0 0 1 0 0 0 0 0 1 0 0 3
0 0 1 0 1 0 0 0 0 0 0 0 0 0 0 1 0 1 0 0 3
0 0 0 1 0 1 0 0 1 0 0 0 0 0 0 0 0 1 0 0 3
0 0 0 0 0 1 0 0 0 0 1 0 0 0 0 1 0 1 0 0 3
0 0 0 1 0 0 1 0 0 0 0 0 1 0 0 0 0 1 0 0 3
0 0 0 0 0 0 1 0 0 0 0 1 0 0 1 0 0 1 0 0 3
1 0 0 0 0 0 0 1 1 0 0 0 0 0 0 0 0 0 1 0 3
0 0 1 0 0 0 0 0 1 0 0 0 0 0 0 1 0 0 1 0 3
0 0 0 1 1 0 0 0 0 1 0 0 0 0 0 0 0 0 1 0 3
0 0 0 0 0 0 1 0 0 1 0 0 0 0 0 1 0 0 1 0 3
0 0 0 1 0 0 0 0 0 0 1 0 1 0 0 0 0 0 1 0 3
0 0 0 0 0 0 0 1 0 0 1 0 0 1 0 0 0 0 1 0 3
1 0 0 0 0 0 0 1 0 0 0 0 1 0 0 0 0 0 0 1 3
0 1 0 0 0 0 0 0 0 0 0 1 1 0 0 0 0 0 0 1 3
0 0 0 1 1 0 0 0 0 0 0 0 0 1 0 0 0 0 0 1 3
0 0 0 0 0 1 0 0 0 0 0 1 0 1 0 0 0 0 0 1 3
0 0 0 1 0 0 0 0 1 0 0 0 0 0 1 0 0 0 0 1 3
0 0 0 0 0 0 0 1 0 1 0 0 0 0 1 0 0 0 0 1 3
12
-15.6205 -21.6333 -18.4391 -15.6205 -8 -11.3137 -21.6333 -8 -8 -18.4391 -11.3137 -8
1 1 1 0 0 0 0 0 0 0 0 0 1
-1 -1 -1 0 0 0 0 0 0 0 0 0 -1
0 0 0 1 1 1 0 0 0 0 0 0 1
0 0 0 -1 -1 -1 0 0 0 0 0 0 -1
0 0 0 0 0 0 1 1 1 0 0 0 1
0 0 0 0 0 0 -1 -1 -1 0 0 0 -1
0 0 0 0 0 0 0 0 0 1 1 1 1
0 0 0 0 0 0 0 0 0 -1 -1 -1 -1
0 0 0 1 0 0 1 0 0 1 0 0 1
0 0 0 -1 0 0 -1 0 0 -1 0 0 -1
1 0 0 0 0 0 0 1 0 0 1 0 1
-1 0 0 0 0 0 0 -1 0 0 -1 0 -1
0 1 0 0 1 0 0 0 0 0 0 1 1
0 -1 0 0 -1 0 0 0 0 0 0 -1 -1
0 0 1 0 0 1 0 0 1 0 0 0 1
0 0 -1 0 0 -1 0 0 -1 0 0 0 -1
1 0 0 1 0 0 0 0 0 0 0 0 1
0 1 0 0 0 0 1 0 0 0 0 0 1
0 0 1 0 0 0 0 0 0 1 0 0 1
1 0 0 1 0 0 0 0 0 0 0 0 1
0 0 0 0 1 0 0 1 0 0 0 0 1
0 0 0 0 0 1 0 0 0 0 1 0 1
0 1 0 0 0 0 1 0 0 0 0 0 1
0 0 0 0 1 0 0 1 0 0 0 0 1
0 0 0 0 0 0 0 0 1 0 0 1 1
0 0 1 0 0 0 0 0 0 1 0 0 1
0 0 0 0 0 1 0 0 0 0 1 0 1
0 0 0 0 0 0 0 0 1 0 0 1 1
1 0 0 0 1 0 1 0 0 0 0 0 2
1 0 0 0 0 1 0 0 0 1 0 0 2
0 1 0 1 0 0 0 1 0 0 0 0 2
0 1 0 0 0 0 0 0 1 1 0 0 2
0 0 1 1 0 0 0 0 0 0 1 0 2
0 0 1 0 0 0 1 0 0 0 0 1 2
0 1 0 1 0 0 0 1 0 0 0 0 2
0 0 1 1 0 0 0 0 0 0 1 0 2
1 0 0 0 1 0 1 0 0 0 0 0 2
0 0 0 0 1 0 0 0 1 0 1 0 2
1 0 0 0 0 1 0 0 0 1 0 0 2
0 0 0 0 0 1 0 1 0 0 0 1 2
1 0 0 0 1 0 1 0 0 0 0 0 2
0 0 1 0 0 0 1 0 0 0 0 1 2
0 1 0 1 0 0 0 1 0 0 0 0 2
0 0 0 0 0 1 0 1 0 0 0 1 2
0 1 0 0 0 0 0 0 1 1 0 0 2
0 0 0 0 1 0 0 0 1 0 1 0 2
1 0 0 0 0 1 0 0 0 1 0 0 2
0 1 0 0 0 0 0 0 1 1 0 0 2
0 0 1 1 0 0 0 0 0 0 1 0 2
0 0 0 0 1 0 0 0 1 0 1 0 2
0 0 1 0 0 0 1 0 0 0 0 1 2
0 0 0 0 0 1 0 1 0 0 0 1 2
6
-8 -16 -8 -8 -16 -8
1 1 0 0 0 0 1
-1 -1 0 0 0 0 -1
0 0 1 1 0 0 1
0 0 -1 -1 0 0 -1
0 0 0 0 1 1 1
0 0 0 0 -1 -1 -1
0 0 1 0 1 0 1
0 0 -1 0 -1 0 -1
1 0 0 0 0 1 1
-1 0 0 0 0 -1 -1
0 1 0 1 0 0 1
0 -1 0 -1 0 0 -1
1 0 1 0 0 0 1
0 1 0 0 1 0 1
1 0 1 0 0 0 1
0 0 0 1 0 1 1
0 1 0 0 1 0 1
0 0 0 1 0 1 1
20
-8 -16 -24 -25.2982 -8 -8 -16 -17.8885 -16 -8 -8 -11.3137 -24 -16 -8 -8 -25.2982 -17.8885 -11.3137 -8
1 1 1 1 0 0 0 0 0 0 0 0 0 0 0 0 0 0 0 0 1
-1 -1 -1 -1 0 0 0 0 0 0 0 0 0 0 0 0 0 0 0 0 -1
0 0 0 0 1 1 1 1 0 0 0 0 0 0 0 0 0 0 0 0 1
0 0 0 0 -1 -1 -1 -1 0 0 0 0 0 0 0 0 0 0 0 0 -1
0 0 0 0 0 0 0 0 1 1 1 1 0 0 0 0 0 0 0 0 1
0 0 0 0 0 0 0 0 -1 -1 -1 -1 0 0 0 0 0 0 0 0 -1
0 0 0 0 0 0 0 0 0 0 0 0 1 1 1 1 0 0 0 0 1
0 0 0 0 0 0 0 0 0 0 0 0 -1 -1 -1 -1 0 0 0 0 -1
0 0 0 0 0 0 0 0 0 0 0 0 0 0 0 0 1 1 1 1 1
0 0 0 0 0 0 0 0 0 0 0 0 0 0 0 0 -1 -1 -1 -1 -1
0 0 0 0 1 0 0 0 1 0 0 0 1 0 0 0 1 0 0 0 1
0 0 0 0 -1 0 0 0 -1 0 0 0 -1 0 0 0 -1 0 0 0 -1
1 0 0 0 0 0 0 0 0 1 0 0 0 1 0 0 0 1 0 0 1
-1 0 0 0 0 0 0 0 0 -1 0 0 0 -1 0 0 0 -1 0 0 -1
0 1 0 0 0 1 0 0 0 0 0 0 0 0 1 0 0 0 1 0 1
0 -1 0 0 0 -1 0 0 0 0 0 0 0 0 -1 0 0 0 -1 0 -1
0 0 1 0 0 0 1 0 0 0 1 0 0 0 0 0 0 0 0 1 1
0 0 -1 0 0 0 -1 0 0 0 -1 0 0 0 0 0 0 0 0 -1 -1
0 0 0 1 0 0 0 1 0 0 0 1 0 0 0 1 0 0 0 0 1
0 0 0 -1 0 0 0 -1 0 0 0 -1 0 0 0 -1 0 0 0 0 -1
1 0 0 0 1 0 0 0 0 0 0 0 0 0 0 0 0 0 0 0 1
0 1 0 0 0 0 0 0 1 0 0 0 0 0 0 0 0 0 0 0 1
0 0 1 0 0 0 0 0 0 0 0 0 1 0 0 0 0 0 0 0 1
0 0 0 1 0 0 0 0 0 0 0 0 0 0 0 0 1 0 0 0 1
1 0 0 0 1 0 0 0 0 0 0 0 0 0 0 0 0 0 0 0 1
0 0 0 0 0 1 0 0 0 1 0 0 0 0 0 0 0 0 0 0 1
0 0 0 0 0 0 1 0 0 0 0 0 0 1 0 0 0 0 0 0 1
0 0 0 0 0 0 0 1 0 0 0 0 0 0 0 0 0 1 0 0 1
0 1 0 0 0 0 0 0 1 0 0 0 0 0 0 0 0 0 0 0 1
0 0 0 0 0 1 0 0 0 1 0 0 0 0 0 0 0 0 0 0 1
0 0 0 0 0 0 0 0 0 0 1 0 0 0 1 0 0 0 0 0 1
0 0 0 0 0 0 0 0 0 0 0 1 0 0 0 0 0 0 1 0 1
0 0 1 0 0 0 0 0 0 0 0 0 1 0 0 0 0 0 0 0 1
0 0 0 0 0 0 1 0 0 0 0 0 0 1 0 0 0 0 0 0 1
0 0 0 0 0 0 0 0 0 0 1 0 0 0 1 0 0 0 0 0 1
0 0 0 0 0 0 0 0 0 0 0 0 0 0 0 1 0 0 0 1 1
0 0 0 1 0 0 0 0 0 0 0 0 0 0 0 0 1 0 0 0 1
0 0 0 0 0 0 0 1 0 0 0 0 0 0 0 0 0 1 0 0 1
0 0 0 0 0 0 0 0 0 0 0 1 0 0 0 0 0 0 1 0 1
0 0 0 0 0 0 0 0 0 0 0 0 0 0 0 1 0 0 0 1 1
1 0 0 0 0 1 0 0 1 0 0 0 0 0 0 0 0 0 0 0 2
1 0 0 0 0 0 1 0 0 0 0 0 1 0 0 0 0 0 0 0 2
1 0 0 0 0 0 0 1 0 0 0 0 0 0 0 0 1 0 0 0 2
0 1 0 0 1 0 0 0 0 1 0 0 0 0 0 0 0 0 0 0 2
0 1 0 0 0 0 0 0 0 0 1 0 1 0 0 0 0 0 0 0 2
0 1 0 0 0 0 0 0 0 0 0 1 0 0 0 0 1 0 0 0 2
0 0 1 0 1 0 0 0 0 0 0 0 0 1 0 0 0 0 0 0 2
0 0 1 0 0 0 0 0 1 0 0 0 0 0 1 0 0 0 0 0 2
0 0 1 0 0 0 0 0 0 0 0 0 0 0 0 1 1 0 0 0 2
0 0 0 1 1 0 0 0 0 0 0 0 0 0 0 0 0 1 0 0 2
0 0 0 1 0 0 0 0 1 0 0 0 0 0 0 0 0 0 1 0 2
0 0 0 1 0 0 0 0 0 0 0 0 1 0 0 0 0 0 0 1 2
0 1 0 0 1 0 0 0 0 1 0 0 0 0 0 0 0 0 0 0 2
0 0 1 0 1 0 0 0 0 0 0 0 0 1 0 0 0 0 0 0 2
0 0 0 1 1 0 0 0 0 0 0 0 0 0 0 0 0 1 0 0 2
1 0 0 0 0 1 0 0 1 0 0 0 0 0 0 0 0 0 0 0 2
0 0 0 0 0 1 0 0 0 0 1 0 0 1 0 0 0 0 0 0 2
0 0 0 0 0 1 0 0 0 0 0 1 0 0 0 0 0 1 0 0 2
1 0 0 0 0 0 1 0 0 0 0 0 1 0 0 0 0 0 0 0 2
0 0 0 0 0 0 1 0 0 1 0 0 0 0 1 0 0 0 0 0 2
0 0 0 0 0 0 1 0 0 0 0 0 0 0 0 1 0 1 0 0 2
1 0 0 0 0 0 0 1 0 0 0 0 0 0 0 0 1 0 0 0 2
0 0 0 0 0 0 0 1 0 1 0 0 0 0 0 0 0 0 1 0 2
0 0 0 0 0 0 0 1 0 0 0 0 0 1 0 0 0 0 0 1 2
1 0 0 0 0 1 0 0 1 0 0 0 0 0 0 0 0 0 0 0 2
0 0 1 0 0 0 0 0 1 0 0 0 0 0 1 0 0 0 0 0 2
0 0 0 1 0 0 0 0 1 0 0 0 0 0 0 0 0 0 1 0 2
0 1 0 0 1 0 0 0 0 1 0 0 0 0 0 0 0 0 0 0 2
0 0 0 0 0 0 1 0 0 1 0 0 0 0 1 0 0 0 0 0 2
0 0 0 0 0 0 0 1 0 1 0 0 0 0 0 0 0 0 1 0 2
0 1 0 0 0 0 0 0 0 0 1 0 1 0 0 0 0 0 0 0 2
0 0 0 0 0 1 0 0 0 0 1 0 0 1 0 0 0 0 0 0 2
0 0 0 0 0 0 0 0 0 0 1 0 0 0 0 1 0 0 1 0 2
0 1 0 0 0 0 0 0 0 0 0 1 0 0 0 0 1 0 0 0 2
0 0 0 0 0 1 0 0 0 0 0 1 0 0 0 0 0 1 0 0 2
0 0 0 0 0 0 0 0 0 0 0 1 0 0 1 0 0 0 0 1 2
1 0 0 0 0 0 1 0 0 0 0 0 1 0 0 0 0 0 0 0 2
0 1 0 0 0 0 0 0 0 0 1 0 1 0 0 0 0 0 0 0 2
0 0 0 1 0 0 0 0 0 0 0 0 1 0 0 0 0 0 0 1 2
0 0 1 0 1 0 0 0 0 0 0 0 0 1 0 0 0 0 0 0 2
0 0 0 0 0 1 0 0 0 0 1 0 0 1 0 0 0 0 0 0 2
0 0 0 0 0 0 0 1 0 0 0 0 0 1 0 0 0 0 0 1 2
0 0 1 0 0 0 0 0 1 0 0 0 0 0 1 0 0 0 0 0 2
0 0 0 0 0 0 1 0 0 1 0 0 0 0 1 0 0 0 0 0 2
0 0 0 0 0 0 0 0 0 0 0 1 0 0 1 0 0 0 0 1 2
0 0 1 0 0 0 0 0 0 0 0 0 0 0 0 1 1 0 0 0 2
0 0 0 0 0 0 1 0 0 0 0 0 0 0 0 1 0 1 0 0 2
0 0 0 0 0 0 0 0 0 0 1 0 0 0 0 1 0 0 1 0 2
1 0 0 0 0 0 0 1 0 0 0 0 0 0 0 0 1 0 0 0 2
0 1 0 0 0 0 0 0 0 0 0 1 0 0 0 0 1 0 0 0 2
0 0 1 0 0 0 0 0 0 0 0 0 0 0 0 1 1 0 0 0 2
0 0 0 1 1 0 0 0 0 0 0 0 0 0 0 0 0 1 0 0 2
0 0 0 0 0 1 0 0 0 0 0 1 0 0 0 0 0 1 0 0 2
0 0 0 0 0 0 1 0 0 0 0 0 0 0 0 1 0 1 0 0 2
0 0 0 1 0 0 0 0 1 0 0 0 0 0 0 0 0 0 1 0 2
0 0 0 0 0 0 0 1 0 1 0 0 0 0 0 0 0 0 1 0 2
0 0 0 0 0 0 0 0 0 0 1 0 0 0 0 1 0 0 1 0 2
0 0 0 1 0 0 0 0 0 0 0 0 1 0 0 0 0 0 0 1 2
0 0 0 0 0 0 0 1 0 0 0 0 0 1 0 0 0 0 0 1 2
0 0 0 0 0 0 0 0 0 0 0 1 0 0 1 0 0 0 0 1 2
1 0 0 0 0 1 0 0 0 0 1 0 1 0 0 0 0 0 0 0 3
1 0 0 0 0 1 0 0 0 0 0 1 0 0 0 0 1 0 0 0 3
1 0 0 0 0 0 1 0 1 0 0 0 0 0 1 0 0 0 0 0 3
1 0 0 0 0 0 1 0 0 0 0 0 0 0 0 1 1 0 0 0 3
1 0 0 0 0 0 0 1 1 0 0 0 0 0 0 0 0 0 1 0 3
1 0 0 0 0 0 0 1 0 0 0 0 1 0 0 0 0 0 0 1 3
0 1 0 0 0 0 1 0 0 1 0 0 1 0 0 0 0 0 0 0 3
0 1 0 0 0 0 0 1 0 1 0 0 0 0 0 0 1 0 0 0 3
0 1 0 0 1 0 0 0 0 0 1 0 0 1 0 0 0 0 0 0 3
0 1 0 0 0 0 0 0 0 0 1 0 0 0 0 1 1 0 0 0 3
0 1 0 0 1 0 0 0 0 0 0 1 0 0 0 0 0 1 0 0 3
0 1 0 0 0 0 0 0 0 0 0 1 1 0 0 0 0 0 0 1 3
0 0 1 0 0 1 0 0 1 0 0 0 0 1 0 0 0 0 0 0 3
0 0 1 0 0 0 0 1 0 0 0 0 0 1 0 0 1 0 0 0 3
0 0 1 0 1 0 0 0 0 1 0 0 0 0 1 0 0 0 0 0 3
0 0 1 0 0 0 0 0 0 0 0 1 0 0 1 0 1 0 0 0 3
0 0 1 0 1 0 0 0 0 0 0 0 0 0 0 1 0 1 0 0 3
0 0 1 0 0 0 0 0 1 0 0 0 0 0 0 1 0 0 1 0 3
0 0 0 1 0 1 0 0 1 0 0 0 0 0 0 0 0 1 0 0 3
0 0 0 1 0 0 1 0 0 0 0 0 1 0 0 0 0 1 0 0 3
0 0 0 1 1 0 0 0 0 1 0 0 0 0 0 0 0 0 1 0 3
0 0 0 1 0 0 0 0 0 0 1 0 1 0 0 0 0 0 1 0 3
0 0 0 1 1 0 0 0 0 0 0 0 0 1 0 0 0 0 0 1 3
0 0 0 1 0 0 0 0 1 0 0 0 0 0 1 0 0 0 0 1 3
0 1 0 0 1 0 0 0 0 0 1 0 0 1 0 0 0 0 0 0 3
0 1 0 0 1 0 0 0 0 0 0 1 0 0 0 0 0 1 0 0 3
0 0 1 0 1 0 0 0 0 1 0 0 0 0 1 0 0 0 0 0 3
0 0 1 0 1 0 0 0 0 0 0 0 0 0 0 1 0 1 0 0 3
0 0 0 1 1 0 0 0 0 1 0 0 0 0 0 0 0 0 1 0 3
0 0 0 1 1 0 0 0 0 0 0 0 0 1 0 0 0 0 0 1 3
0 0 1 0 0 1 0 0 1 0 0 0 0 1 0 0 0 0 0 0 3
0 0 0 1 0 1 0 0 1 0 0 0 0 0 0 0 0 1 0 0 3
1 0 0 0 0 1 0 0 0 0 1 0 1 0 0 0 0 0 0 0 3
0 0 0 0 0 1 0 0 0 0 1 0 0 0 0 1 0 1 0 0 3
1 0 0 0 0 1 0 0 0 0 0 1 0 0 0 0 1 0 0 0 3
0 0 0 0 0 1 0 0 0 0 0 1 0 1 0 0 0 0 0 1 3
0 1 0 0 0 0 1 0 0 1 0 0 1 0 0 0 0 0 0 0 3
0 0 0 1 0 0 1 0 0 0 0 0 1 0 0 0 0 1 0 0 3
1 0 0 0 0 0 1 0 1 0 0 0 0 0 1 0 0 0 0 0 3
0 0 0 0 0 0 1 0 0 0 0 1 0 0 1 0 0 1 0 0 3
1 0 0 0 0 0 1 0 0 0 0 0 0 0 0 1 1 0 0 0 3
0 0 0 0 0 0 1 0 0 1 0 0 0 0 0 1 0 0 1 0 3
0 1 0 0 0 0 0 1 0 1 0 0 0 0 0 0 1 0 0 0 3
0 0 1 0 0 0 0 1 0 0 0 0 0 1 0 0 1 0 0 0 3
1 0 0 0 0 0 0 1 1 0 0 0 0 0 0 0 0 0 1 0 3
0 0 0 0 0 0 0 1 0 0 1 0 0 1 0 0 0 0 1 0 3
1 0 0 0 0 0 0 1 0 0 0 0 1 0 0 0 0 0 0 1 3
0 0 0 0 0 0 0 1 0 1 0 0 0 0 1 0 0 0 0 1 3
1 0 0 0 0 0 1 0 1 0 0 0 0 0 1 0 0 0 0 0 3
1 0 0 0 0 0 0 1 1 0 0 0 0 0 0 0 0 0 1 0 3
0 0 1 0 0 1 0 0 1 0 0 0 0 1 0 0 0 0 0 0 3
0 0 1 0 0 0 0 0 1 0 0 0 0 0 0 1 0 0 1 0 3
0 0 0 1 0 1 0 0 1 0 0 0 0 0 0 0 0 1 0 0 3
0 0 0 1 0 0 0 0 1 0 0 0 0 0 1 0 0 0 0 1 3
0 0 1 0 1 0 0 0 0 1 0 0 0 0 1 0 0 0 0 0 3
0 0 0 1 1 0 0 0 0 1 0 0 0 0 0 0 0 0 1 0 3
0 1 0 0 0 0 1 0 0 1 0 0 1 0 0 0 0 0 0 0 3
0 0 0 0 0 0 1 0 0 1 0 0 0 0 0 1 0 0 1 0 3
0 1 0 0 0 0 0 1 0 1 0 0 0 0 0 0 1 0 0 0 3
0 0 0 0 0 0 0 1 0 1 0 0 0 0 1 0 0 0 0 1 3
1 0 0 0 0 1 0 0 0 0 1 0 1 0 0 0 0 0 0 0 3
0 0 0 1 0 0 0 0 0 0 1 0 1 0 0 0 0 0 1 0 3
0 1 0 0 1 0 0 0 0 0 1 0 0 1 0 0 0 0 0 0 3
0 0 0 0 0 0 0 1 0 0 1 0 0 1 0 0 0 0 1 0 3
0 1 0 0 0 0 0 0 0 0 1 0 0 0 0 1 1 0 0 0 3
0 0 0 0 0 1 0 0 0 0 1 0 0 0 0 1 0 1 0 0 3
1 0 0 0 0 1 0 0 0 0 0 1 0 0 0 0 1 0 0 0 3
0 0 1 0 0 0 0 0 0 0 0 1 0 0 1 0 1 0 0 0 3
0 1 0 0 1 0 0 0 0 0 0 1 0 0 0 0 0 1 0 0 3
0 0 0 0 0 0 1 0 0 0 0 1 0 0 1 0 0 1 0 0 3
0 1 0 0 0 0 0 0 0 0 0 1 1 0 0 0 0 0 0 1 3
0 0 0 0 0 1 0 0 0 0 0 1 0 1 0 0 0 0 0 1 3
1 0 0 0 0 1 0 0 0 0 1 0 1 0 0 0 0 0 0 0 3
1 0 0 0 0 0 0 1 0 0 0 0 1 0 0 0 0 0 0 1 3
0 1 0 0 0 0 1 0 0 1 0 0 1 0 0 0 0 0 0 0 3
0 1 0 0 0 0 0 0 0 0 0 1 1 0 0 0 0 0 0 1 3
0 0 0 1 0 0 1 0 0 0 0 0 1 0 0 0 0 1 0 0 3
0 0 0 1 0 0 0 0 0 0 1 0 1 0 0 0 0 0 1 0 3
0 1 0 0 1 0 0 0 0 0 1 0 0 1 0 0 0 0 0 0 3
0 0 0 1 1 0 0 0 0 0 0 0 0 1 0 0 0 0 0 1 3
0 0 1 0 0 1 0 0 1 0 0 0 0 1 0 0 0 0 0 0 3
0 0 0 0 0 1 0 0 0 0 0 1 0 1 0 0 0 0 0 1 3
0 0 1 0 0 0 0 1 0 0 0 0 0 1 0 0 1 0 0 0 3
0 0 0 0 0 0 0 1 0 0 1 0 0 1 0 0 0 0 1 0 3
1 0 0 0 0 0 1 0 1 0 0 0 0 0 1 0 0 0 0 0 3
0 0 0 1 0 0 0 0 1 0 0 0 0 0 1 0 0 0 0 1 3
0 0 1 0 1 0 0 0 0 1 0 0 0 0 1 0 0 0 0 0 3
0 0 0 0 0 0 0 1 0 1 0 0 0 0 1 0 0 0 0 1 3
0 0 1 0 0 0 0 0 0 0 0 1 0 0 1 0 1 0 0 0 3
0 0 0 0 0 0 1 0 0 0 0 1 0 0 1 0 0 1 0 0 3
1 0 0 0 0 0 1 0 0 0 0 0 0 0 0 1 1 0 0 0 3
0 1 0 0 0 0 0 0 0 0 1 0 0 0 0 1 1 0 0 0 3
0 0 1 0 1 0 0 0 0 0 0 0 0 0 0 1 0 1 0 0 3
0 0 0 0 0 1 0 0 0 0 1 0 0 0 0 1 0 1 0 0 3
0 0 1 0 0 0 0 0 1 0 0 0 0 0 0 1 0 0 1 0 3
0 0 0 0 0 0 1 0 0 1 0 0 0 0 0 1 0 0 1 0 3
1 0 0 0 0 1 0 0 0 0 0 1 0 0 0 0 1 0 0 0 3
1 0 0 0 0 0 1 0 0 0 0 0 0 0 0 1 1 0 0 0 3
0 1 0 0 0 0 0 1 0 1 0 0 0 0 0 0 1 0 0 0 3
0 1 0 0 0 0 0 0 0 0 1 0 0 0 0 1 1 0 0 0 3
0 0 1 0 0 0 0 1 0 0 0 0 0 1 0 0 1 0 0 0 3
0 0 1 0 0 0 0 0 0 0 0 1 0 0 1 0 1 0 0 0 3
0 1 0 0 1 0 0 0 0 0 0 1 0 0 0 0 0 1 0 0 3
0 0 1 0 1 0 0 0 0 0 0 0 0 0 0 1 0 1 0 0 3
0 0 0 1 0 1 0 0 1 0 0 0 0 0 0 0 0 1 0 0 3
0 0 0 0 0 1 0 0 0 0 1 0 0 0 0 1 0 1 0 0 3
0 0 0 1 0 0 1 0 0 0 0 0 1 0 0 0 0 1 0 0 3
0 0 0 0 0 0 1 0 0 0 0 1 0 0 1 0 0 1 0 0 3
1 0 0 0 0 0 0 1 1 0 0 0 0 0 0 0 0 0 1 0 3
0 0 1 0 0 0 0 0 1 0 0 0 0 0 0 1 0 0 1 0 3
0 0 0 1 1 0 0 0 0 1 0 0 0 0 0 0 0 0 1 0 3
0 0 0 0 0 0 1 0 0 1 0 0 0 0 0 1 0 0 1 0 3
0 0 0 1 0 0 0 0 0 0 1 0 1 0 0 0 0 0 1 0 3
0 0 0 0 0 0 0 1 0 0 1 0 0 1 0 0 0 0 1 0 3
1 0 0 0 0 0 0 1 0 0 0 0 1 0 0 0 0 0 0 1 3
0 1 0 0 0 0 0 0 0 0 0 1 1 0 0 0 0 0 0 1 3
0 0 0 1 1 0 0 0 0 0 0 0 0 1 0 0 0 0 0 1 3
0 0 0 0 0 1 0 0 0 0 0 1 0 1 0 0 0 0 0 1 3
0 0 0 1 0 0 0 0 1 0 0 0 0 0 1 0 0 0 0 1 3
0 0 0 0 0 0 0 1 0 1 0 0 0 0 1 0 0 0 0 1 3
20
-8.24621 -11.3137 -19.6977 -31.0483 -8.24621 -10 -20 -32 -11.3137 -10 -10 -22 -19.6977 -20 -10 -12 -31.0483 -32 -22 -12
1 1 1 1 0 0 0 0 0 0 0 0 0 0 0 0 0 0 0 0 1
-1 -1 -1 -1 0 0 0 0 0 0 0 0 0 0 0 0 0 0 0 0 -1
0 0 0 0 1 1 1 1 0 0 0 0 0 0 0 0 0 0 0 0 1
0 0 0 0 -1 -1 -1 -1 0 0 0 0 0 0 0 0 0 0 0 0 -1
0 0 0 0 0 0 0 0 1 1 1 1 0 0 0 0 0 0 0 0 1
0 0 0 0 0 0 0 0 -1 -1 -1 -1 0 0 0 0 0 0 0 0 -1
0 0 0 0 0 0 0 0 0 0 0 0 1 1 1 1 0 0 0 0 1
0 0 0 0 0 0 0 0 0 0 0 0 -1 -1 -1 -1 0 0 0 0 -1
0 0 0 0 0 0 0 0 0 0 0 0 0 0 0 0 1 1 1 1 1
0 0 0 0 0 0 0 0 0 0 0 0 0 0 0 0 -1 -1 -1 -1 -1
0 0 0 0 1 0 0 0 1 0 0 0 1 0 0 0 1 0 0 0 1
0 0 0 0 -1 0 0 0 -1 0 0 0 -1 0 0 0 -1 0 0 0 -1
1 0 0 0 0 0 0 0 0 1 0 0 0 1 0 0 0 1 0 0 1
-1 0 0 0 0 0 0 0 0 -1 0 0 0 -1 0 0 0 -1 0 0 -1
0 1 0 0 0 1 0 0 0 0 0 0 0 0 1 0 0 0 1 0 1
0 -1 0 0 0 -1 0 0 0 0 0 0 0 0 -1 0 0 0 -1 0 -1
0 0 1 0 0 0 1 0 0 0 1 0 0 0 0 0 0 0 0 1 1
0 0 -1 0 0 0 -1 0 0 0 -1 0 0 0 0 0 0 0 0 -1 -1
0 0 0 1 0 0 0 1 0 0 0 1 0 0 0 1 0 0 0 0 1
0 0 0 -1 0 0 0 -1 0 0 0 -1 0 0 0 -1 0 0 0 0 -1
1 0 0 0 1 0 0 0 0 0 0 0 0 0 0 0 0 0 0 0 1
0 1 0 0 0 0 0 0 1 0 0 0 0 0 0 0 0 0 0 0 1
0 0 1 0 0 0 0 0 0 0 0 0 1 0 0 0 0 0 0 0 1
0 0 0 1 0 0 0 0 0 0 0 0 0 0 0 0 1 0 0 0 1
1 0 0 0 1 0 0 0 0 0 0 0 0 0 0 0 0 0 0 0 1
0 0 0 0 0 1 0 0 0 1 0 0 0 0 0 0 0 0 0 0 1
0 0 0 0 0 0 1 0 0 0 0 0 0 1 0 0 0 0 0 0 1
0 0 0 0 0 0 0 1 0 0 0 0 0 0 0 0 0 1 0 0 1
0 1 0 0 0 0 0 0 1 0 0 0 0 0 0 0 0 0 0 0 1
0 0 0 0 0 1 0 0 0 1 0 0 0 0 0 0 0 0 0 0 1
0 0 0 0 0 0 0 0 0 0 1 0 0 0 1 0 0 0 0 0 1
0 0 0 0 0 0 0 0 0 0 0 1 0 0 0 0 0 0 1 0 1
0 0 1 0 0 0 0 0 0 0 0 0 1 0 0 0 0 0 0 0 1
0 0 0 0 0 0 1 0 0 0 0 0 0 1 0 0 0 0 0 0 1
0 0 0 0 0 0 0 0 0 0 1 0 0 0 1 0 0 0 0 0 1
0 0 0 0 0 0 0 0 0 0 0 0 0 0 0 1 0 0 0 1 1
0 0 0 1 0 0 0 0 0 0 0 0 0 0 0 0 1 0 0 0 1
0 0 0 0 0 0 0 1 0 0 0 0 0 0 0 0 0 1 0 0 1
0 0 0 0 0 0 0 0 0 0 0 1 0 0 0 0 0 0 1 0 1
0 0 0 0 0 0 0 0 0 0 0 0 0 0 0 1 0 0 0 1 1
1 0 0 0 0 1 0 0 1 0 0 0 0 0 0 0 0 0 0 0 2
1 0 0 0 0 0 1 0 0 0 0 0 1 0 0 0 0 0 0 0 2
1 0 0 0 0 0 0 1 0 0 0 0 0 0 0 0 1 0 0 0 2
0 1 0 0 1 0 0 0 0 1 0 0 0 0 0 0 0 0 0 0 2
0 1 0 0 0 0 0 0 0 0 1 0 1 0 0 0 0 0 0 0 2
0 1 0 0 0 0 0 0 0 0 0 1 0 0 0 0 1 0 0 0 2
0 0 1 0 1 0 0 0 0 0 0 0 0 1 0 0 0 0 0 0 2
0 0 1 0 0 0 0 0 1 0 0 0 0 0 1 0 0 0 0 0 2
0 0 1 0 0 0 0 0 0 0 0 0 0 0 0 1 1 0 0 0 2
0 0 0 1 1 0 0 0 0 0 0 0 0 0 0 0 0 1 0 0 2
0 0 0 1 0 0 0 0 1 0 0 0 0 0 0 0 0 0 1 0 2
0 0 0 1 0 0 0 0 0 0 0 0 1 0 0 0 0 0 0 1 2
0 1 0 0 1 0 0 0 0 1 0 0 0 0 0 0 0 0 0 0 2
0 0 1 0 1 0 0 0 0 0 0 0 0 1 0 0 0 0 0 0 2
0 0 0 1 1 0 0 0 0 0 0 0 0 0 0 0 0 1 0 0 2
1 0 0 0 0 1 0 0 1 0 0 0 0 0 0 0 0 0 0 0 2
0 0 0 0 0 1 0 0 0 0 1 0 0 1 0 0 0 0 0 0 2
0 0 0 0 0 1 0 0 0 0 0 1 0 0 0 0 0 1 0 0 2
1 0 0 0 0 0 1 0 0 0 0 0 1 0 0 0 0 0 0 0 2
0 0 0 0 0 0 1 0 0 1 0 0 0 0 1 0 0 0 0 0 2
0 0 0 0 0 0 1 0 0 0 0 0 0 0 0 1 0 1 0 0 2
1 0 0 0 0 0 0 1 0 0 0 0 0 0 0 0 1 0 0 0 2
0 0 0 0 0 0 0 1 0 1 0 0 0 0 0 0 0 0 1 0 2
0 0 0 0 0 0 0 1 0 0 0 0 0 1 0 0 0 0 0 1 2
1 0 0 0 0 1 0 0 1 0 0 0 0 0 0 0 0 0 0 0 2
0 0 1 0 0 0 0 0 1 0 0 0 0 0 1 0 0 0 0 0 2
0 0 0 1 0 0 0 0 1 0 0 0 0 0 0 0 0 0 1 0 2
0 1 0 0 1 0 0 0 0 1 0 0 0 0 0 0 0 0 0 0 2
0 0 0 0 0 0 1 0 0 1 0 0 0 0 1 0 0 0 0 0 2
0 0 0 0 0 0 0 1 0 1 0 0 0 0 0 0 0 0 1 0 2
0 1 0 0 0 0 0 0 0 0 1 0 1 0 0 0 0 0 0 0 2
0 0 0 0 0 1 0 0 0 0 1 0 0 1 0 0 0 0 0 0 2
0 0 0 0 0 0 0 0 0 0 1 0 0 0 0 1 0 0 1 0 2
0 1 0 0 0 0 0 0 0 0 0 1 0 0 0 0 1 0 0 0 2
0 0 0 0 0 1 0 0 0 0 0 1 0 0 0 0 0 1 0 0 2
0 0 0 0 0 0 0 0 0 0 0 1 0 0 1 0 0 0 0 1 2
1 0 0 0 0 0 1 0 0 0 0 0 1 0 0 0 0 0 0 0 2
0 1 0 0 0 0 0 0 0 0 1 0 1 0 0 0 0 0 0 0 2
0 0 0 1 0 0 0 0 0 0 0 0 1 0 0 0 0 0 0 1 2
0 0 1 0 1 0 0 0 0 0 0 0 0 1 0 0 0 0 0 0 2
0 0 0 0 0 1 0 0 0 0 1 0 0 1 0 0 0 0 0 0 2
0 0 0 0 0 0 0 1 0 0 0 0 0 1 0 0 0 0 0 1 2
0 0 1 0 0 0 0 0 1 0 0 0 0 0 1 0 0 0 0 0 2
0 0 0 0 0 0 1 0 0 1 0 0 0 0 1 0 0 0 0 0 2
0 0 0 0 0 0 0 0 0 0 0 1 0 0 1 0 0 0 0 1 2
0 0 1 0 0 0 0 0 0 0 0 0 0 0 0 1 1 0 0 0 2
0 0 0 0 0 0 1 0 0 0 0 0 0 0 0 1 0 1 0 0 2
0 0 0 0 0 0 0 0 0 0 1 0 0 0 0 1 0 0 1 0 2
1 0 0 0 0 0 0 1 0 0 0 0 0 0 0 0 1 0 0 0 2
0 1 0 0 0 0 0 0 0 0 0 1 0 0 0 0 1 0 0 0 2
0 0 1 0 0 0 0 0 0 0 0 0 0 0 0 1 1 0 0 0 2
0 0 0 1 1 0 0 0 0 0 0 0 0 0 0 0 0 1 0 0 2
0 0 0 0 0 1 0 0 0 0 0 1 0 0 0 0 0 1 0 0 2
0 0 0 0 0 0 1 0 0 0 0 0 0 0 0 1 0 1 0 0 2
0 0 0 1 0 0 0 0 1 0 0 0 0 0 0 0 0 0 1 0 2
0 0 0 0 0 0 0 1 0 1 0 0 0 0 0 0 0 0 1 0 2
0 0 0 0 0 0 0 0 0 0 1 0 0 0 0 1 0 0 1 0 2
0 0 0 1 0 0 0 0 0 0 0 0 1 0 0 0 0 0 0 1 2
0 0 0 0 0 0 0 1 0 0 0 0 0 1 0 0 0 0 0 1 2
0 0 0 0 0 0 0 0 0 0 0 1 0 0 1 0 0 0 0 1 2
1 0 0 0 0 1 0 0 0 0 1 0 1 0 0 0 0 0 0 0 3
1 0 0 0 0 1 0 0 0 0 0 1 0 0 0 0 1 0 0 0 3
1 0 0 0 0 0 1 0 1 0 0 0 0 0 1 0 0 0 0 0 3
1 0 0 0 0 0 1 0 0 0 0 0 0 0 0 1 1 0 0 0 3
1 0 0 0 0 0 0 1 1 0 0 0 0 0 0 0 0 0 1 0 3
1 0 0 0 0 0 0 1 0 0 0 0 1 0 0 0 0 0 0 1 3
0 1 0 0 0 0 1 0 0 1 0 0 1 0 0 0 0 0 0 0 3
0 1 0 0 0 0 0 1 0 1 0 0 0 0 0 0 1 0 0 0 3
0 1 0 0 1 0 0 0 0 0 1 0 0 1 0 0 0 0 0 0 3
0 1 0 0 0 0 0 0 0 0 1 0 0 0 0 1 1 0 0 0 3
0 1 0 0 1 0 0 0 0 0 0 1 0 0 0 0 0 1 0 0 3
0 1 0 0 0 0 0 0 0 0 0 1 1 0 0 0 0 0 0 1 3
0 0 1 0 0 1 0 0 1 0 0 0 0 1 0 0 0 0 0 0 3
0 0 1 0 0 0 0 1 0 0 0 0 0 1 0 0 1 0 0 0 3
0 0 1 0 1 0 0 0 0 1 0 0 0 0 1 0 0 0 0 0 3
0 0 1 0 0 0 0 0 0 0 0 1 0 0 1 0 1 0 0 0 3
0 0 1 0 1 0 0 0 0 0 0 0 0 0 0 1 0 1 0 0 3
0 0 1 0 0 0 0 0 1 0 0 0 0 0 0 1 0 0 1 0 3
0 0 0 1 0 1 0 0 1 0 0 0 0 0 0 0 0 1 0 0 3
0 0 0 1 0 0 1 0 0 0 0 0 1 0 0 0 0 1 0 0 3
0 0 0 1 1 0 0 0 0 1 0 0 0 0 0 0 0 0 1 0 3
0 0 0 1 0 0 0 0 0 0 1 0 1 0 0 0 0 0 1 0 3
0 0 0 1 1 0 0 0 0 0 0 0 0 1 0 0 0 0 0 1 3
0 0 0 1 0 0 0 0 1 0 0 0 0 0 1 0 0 0 0 1 3
0 1 0 0 1 0 0 0 0 0 1 0 0 1 0 0 0 0 0 0 3
0 1 0 0 1 0 0 0 0 0 0 1 0 0 0 0 0 1 0 0 3
0 0 1 0 1 0 0 0 0 1 0 0 0 0 1 0 0 0 0 0 3
0 0 1 0 1 0 0 0 0 0 0 0 0 0 0 1 0 1 0 0 3
0 0 0 1 1 0 0 0 0 1 0 0 0 0 0 0 0 0 1 0 3
0 0 0 1 1 0 0 0 0 0 0 0 0 1 0 0 0 0 0 1 3
0 0 1 0 0 1 0 0 1 0 0 0 0 1 0 0 0 0 0 0 3
0 0 0 1 0 1 0 0 1 0 0 0 0 0 0 0 0 1 0 0 3
1 0 0 0 0 1 0 0 0 0 1 0 1 0 0 0 0 0 0 0 3
0 0 0 0 0 1 0 0 0 0 1 0 0 0 0 1 0 1 0 0 3
1 0 0 0 0 1 0 0 0 0 0 1 0 0 0 0 1 0 0 0 3
0 0 0 0 0 1 0 0 0 0 0 1 0 1 0 0 0 0 0 1 3
0 1 0 0 0 0 1 0 0 1 0 0 1 0 0 0 0 0 0 0 3
0 0 0 1 0 0 1 0 0 0 0 0 1 0 0 0 0 1 0 0 3
1 0 0 0 0 0 1 0 1 0 0 0 0 0 1 0 0 0 0 0 3
0 0 0 0 0 0 1 0 0 0 0 1 0 0 1 0 0 1 0 0 3
1 0 0 0 0 0 1 0 0 0 0 0 0 0 0 1 1 0 0 0 3
0 0 0 0 0 0 1 0 0 1 0 0 0 0 0 1 0 0 1 0 3
0 1 0 0 0 0 0 1 0 1 0 0 0 0 0 0 1 0 0 0 3
0 0 1 0 0 0 0 1 0 0 0 0 0 1 0 0 1 0 0 0 3
1 0 0 0 0 0 0 1 1 0 0 0 0 0 0 0 0 0 1 0 3
0 0 0 0 0 0 0 1 0 0 1 0 0 1 0 0 0 0 1 0 3
1 0 0 0 0 0 0 1 0 0 0 0 1 0 0 0 0 0 0 1 3
0 0 0 0 0 0 0 1 0 1 0 0 0 0 1 0 0 0 0 1 3
1 0 0 0 0 0 1 0 1 0 0 0 0 0 1 0 0 0 0 0 3
1 0 0 0 0 0 0 1 1 0 0 0 0 0 0 0 0 0 1 0 3
0 0 1 0 0 1 0 0 1 0 0 0 0 1 0 0 0 0 0 0 3
0 0 1 0 0 0 0 0 1 0 0 0 0 0 0 1 0 0 1 0 3
0 0 0 1 0 1 0 0 1 0 0 0 0 0 0 0 0 1 0 0 3
0 0 0 1 0 0 0 0 1 0 0 0 0 0 1 0 0 0 0 1 3
0 0 1 0 1 0 0 0 0 1 0 0 0 0 1 0 0 0 0 0 3
0 0 0 1 1 0 0 0 0 1 0 0 0 0 0 0 0 0 1 0 3
0 1 0 0 0 0 1 0 0 1 0 0 1 0 0 0 0 0 0 0 3
0 0 0 0 0 0 1 0 0 1 0 0 0 0 0 1 0 0 1 0 3
0 1 0 0 0 0 0 1 0 1 0 0 0 0 0 0 1 0 0 0 3
0 0 0 0 0 0 0 1 0 1 0 0 0 0 1 0 0 0 0 1 3
1 0 0 0 0 1 0 0 0 0 1 0 1 0 0 0 0 0 0 0 3
0 0 0 1 0 0 0 0 0 0 1 0 1 0 0 0 0 0 1 0 3
0 1 0 0 1 0 0 0 0 0 1 0 0 1 0 0 0 0 0 0 3
0 0 0 0 0 0 0 1 0 0 1 0 0 1 0 0 0 0 1 0 3
0 1 0 0 0 0 0 0 0 0 1 0 0 0 0 1 1 0 0 0 3
0 0 0 0 0 1 0 0 0 0 1 0 0 0 0 1 0 1 0 0 3
1 0 0 0 0 1 0 0 0 0 0 1 0 0 0 0 1 0 0 0 3
0 0 1 0 0 0 0 0 0 0 0 1 0 0 1 0 1 0 0 0 3
0 1 0 0 1 0 0 0 0 0 0 1 0 0 0 0 0 1 0 0 3
0 0 0 0 0 0 1 0 0 0 0 1 0 0 1 0 0 1 0 0 3
0 1 0 0 0 0 0 0 0 0 0 1 1 0 0 0 0 0 0 1 3
0 0 0 0 0 1 0 0 0 0 0 1 0 1 0 0 0 0 0 1 3
1 0 0 0 0 1 0 0 0 0 1 0 1 0 0 0 0 0 0 0 3
1 0 0 0 0 0 0 1 0 0 0 0 1 0 0 0 0 0 0 1 3
0 1 0 0 0 0 1 0 0 1 0 0 1 0 0 0 0 0 0 0 3
0 1 0 0 0 0 0 0 0 0 0 1 1 0 0 0 0 0 0 1 3
0 0 0 1 0 0 1 0 0 0 0 0 1 0 0 0 0 1 0 0 3
0 0 0 1 0 0 0 0 0 0 1 0 1 0 0 0 0 0 1 0 3
0 1 0 0 1 0 0 0 0 0 1 0 0 1 0 0 0 0 0 0 3
0 0 0 1 1 0 0 0 0 0 0 0 0 1 0 0 0 0 0 1 3
0 0 1 0 0 1 0 0 1 0 0 0 0 1 0 0 0 0 0 0 3
0 0 0 0 0 1 0 0 0 0 0 1 0 1 0 0 0 0 0 1 3
0 0 1 0 0 0 0 1 0 0 0 0 0 1 0 0 1 0 0 0 3
0 0 0 0 0 0 0 1 0 0 1 0 0 1 0 0 0 0 1 0 3
1 0 0 0 0 0 1 0 1 0 0 0 0 0 1 0 0 0 0 0 3
0 0 0 1 0 0 0 0 1 0 0 0 0 0 1 0 0 0 0 1 3
0 0 1 0 1 0 0 0 0 1 0 0 0 0 1 0 0 0 0 0 3
0 0 0 0 0 0 0 1 0 1 0 0 0 0 1 0 0 0 0 1 3
0 0 1 0 0 0 0 0 0 0 0 1 0 0 1 0 1 0 0 0 3
0 0 0 0 0 0 1 0 0 0 0 1 0 0 1 0 0 1 0 0 3
1 0 0 0 0 0 1 0 0 0 0 0 0 0 0 1 1 0 0 0 3
0 1 0 0 0 0 0 0 0 0 1 0 0 0 0 1 1 0 0 0 3
0 0 1 0 1 0 0 0 0 0 0 0 0 0 0 1 0 1 0 0 3
0 0 0 0 0 1 0 0 0 0 1 0 0 0 0 1 0 1 0 0 3
0 0 1 0 0 0 0 0 1 0 0 0 0 0 0 1 0 0 1 0 3
0 0 0 0 0 0 1 0 0 1 0 0 0 0 0 1 0 0 1 0 3
1 0 0 0 0 1 0 0 0 0 0 1 0 0 0 0 1 0 0 0 3
1 0 0 0 0 0 1 0 0 0 0 0 0 0 0 1 1 0 0 0 3
0 1 0 0 0 0 0 1 0 1 0 0 0 0 0 0 1 0 0 0 3
0 1 0 0 0 0 0 0 0 0 1 0 0 0 0 1 1 0 0 0 3
0 0 1 0 0 0 0 1 0 0 0 0 0 1 0 0 1 0 0 0 3
0 0 1 0 0 0 0 0 0 0 0 1 0 0 1 0 1 0 0 0 3
0 1 0 0 1 0 0 0 0 0 0 1 0 0 0 0 0 1 0 0 3
0 0 1 0 1 0 0 0 0 0 0 0 0 0 0 1 0 1 0 0 3
0 0 0 1 0 1 0 0 1 0 0 0 0 0 0 0 0 1 0 0 3
0 0 0 0 0 1 0 0 0 0 1 0 0 0 0 1 0 1 0 0 3
0 0 0 1 0 0 1 0 0 0 0 0 1 0 0 0 0 1 0 0 3
0 0 0 0 0 0 1 0 0 0 0 1 0 0 1 0 0 1 0 0 3
1 0 0 0 0 0 0 1 1 0 0 0 0 0 0 0 0 0 1 0 3
0 0 1 0 0 0 0 0 1 0 0 0 0 0 0 1 0 0 1 0 3
0 0 0 1 1 0 0 0 0 1 0 0 0 0 0 0 0 0 1 0 3
0 0 0 0 0 0 1 0 0 1 0 0 0 0 0 1 0 0 1 0 3
0 0 0 1 0 0 0 0 0 0 1 0 1 0 0 0 0 0 1 0 3
0 0 0 0 0 0 0 1 0 0 1 0 0 1 0 0 0 0 1 0 3
1 0 0 0 0 0 0 1 0 0 0 0 1 0 0 0 0 0 0 1 3
0 1 0 0 0 0 0 0 0 0 0 1 1 0 0 0 0 0 0 1 3
0 0 0 1 1 0 0 0 0 0 0 0 0 1 0 0 0 0 0 1 3
0 0 0 0 0 1 0 0 0 0 0 1 0 1 0 0 0 0 0 1 3
0 0 0 1 0 0 0 0 1 0 0 0 0 0 1 0 0 0 0 1 3
0 0 0 0 0 0 0 1 0 1 0 0 0 0 1 0 0 0 0 1 3
6
-8 -16 -8 -8 -16 -8
1 1 0 0 0 0 1
-1 -1 0 0 0 0 -1
0 0 1 1 0 0 1
0 0 -1 -1 0 0 -1
0 0 0 0 1 1 1
0 0 0 0 -1 -1 -1
0 0 1 0 1 0 1
0 0 -1 0 -1 0 -1
1 0 0 0 0 1 1
-1 0 0 0 0 -1 -1
0 1 0 1 0 0 1
0 -1 0 -1 0 0 -1
1 0 1 0 0 0 1
0 1 0 0 1 0 1
1 0 1 0 0 0 1
0 0 0 1 0 1 1
0 1 0 0 1 0 1
0 0 0 1 0 1 1
12
-8 -16 -24 -8 -8 -16 -16 -8 -8 -24 -16 -8
1 1 1 0 0 0 0 0 0 0 0 0 1
-1 -1 -1 0 0 0 0 0 0 0 0 0 -1
0 0 0 1 1 1 0 0 0 0 0 0 1
0 0 0 -1 -1 -1 0 0 0 0 0 0 -1
0 0 0 0 0 0 1 1 1 0 0 0 1
0 0 0 0 0 0 -1 -1 -1 0 0 0 -1
0 0 0 0 0 0 0 0 0 1 1 1 1
0 0 0 0 0 0 0 0 0 -1 -1 -1 -1
0 0 0 1 0 0 1 0 0 1 0 0 1
0 0 0 -1 0 0 -1 0 0 -1 0 0 -1
1 0 0 0 0 0 0 1 0 0 1 0 1
-1 0 0 0 0 0 0 -1 0 0 -1 0 -1
0 1 0 0 1 0 0 0 0 0 0 1 1
0 -1 0 0 -1 0 0 0 0 0 0 -1 -1
0 0 1 0 0 1 0 0 1 0 0 0 1
0 0 -1 0 0 -1 0 0 -1 0 0 0 -1
1 0 0 1 0 0 0 0 0 0 0 0 1
0 1 0 0 0 0 1 0 0 0 0 0 1
0 0 1 0 0 0 0 0 0 1 0 0 1
1 0 0 1 0 0 0 0 0 0 0 0 1
0 0 0 0 1 0 0 1 0 0 0 0 1
0 0 0 0 0 1 0 0 0 0 1 0 1
0 1 0 0 0 0 1 0 0 0 0 0 1
0 0 0 0 1 0 0 1 0 0 0 0 1
0 0 0 0 0 0 0 0 1 0 0 1 1
0 0 1 0 0 0 0 0 0 1 0 0 1
0 0 0 0 0 1 0 0 0 0 1 0 1
0 0 0 0 0 0 0 0 1 0 0 1 1
1 0 0 0 1 0 1 0 0 0 0 0 2
1 0 0 0 0 1 0 0 0 1 0 0 2
0 1 0 1 0 0 0 1 0 0 0 0 2
0 1 0 0 0 0 0 0 1 1 0 0 2
0 0 1 1 0 0 0 0 0 0 1 0 2
0 0 1 0 0 0 1 0 0 0 0 1 2
0 1 0 1 0 0 0 1 0 0 0 0 2
0 0 1 1 0 0 0 0 0 0 1 0 2
1 0 0 0 1 0 1 0 0 0 0 0 2
0 0 0 0 1 0 0 0 1 0 1 0 2
1 0 0 0 0 1 0 0 0 1 0 0 2
0 0 0 0 0 1 0 1 0 0 0 1 2
1 0 0 0 1 0 1 0 0 0 0 0 2
0 0 1 0 0 0 1 0 0 0 0 1 2
0 1 0 1 0 0 0 1 0 0 0 0 2
0 0 0 0 0 1 0 1 0 0 0 1 2
0 1 0 0 0 0 0 0 1 1 0 0 2
0 0 0 0 1 0 0 0 1 0 1 0 2
1 0 0 0 0 1 0 0 0 1 0 0 2
0 1 0 0 0 0 0 0 1 1 0 0 2
0 0 1 1 0 0 0 0 0 0 1 0 2
0 0 0 0 1 0 0 0 1 0 1 0 2
0 0 1 0 0 0 1 0 0 0 0 1 2
0 0 0 0 0 1 0 1 0 0 0 1 2
